p wcnf 100 2550 100
1 1 0
1 2 0
1 3 0
1 4 0
1 5 0
1 6 0
1 7 0
1 8 0
1 9 0
1 10 0
1 11 0
1 12 0
1 13 0
1 14 0
1 15 0
1 16 0
1 17 0
1 18 0
1 19 0
1 20 0
1 21 0
1 22 0
1 23 0
1 24 0
1 25 0
1 26 0
1 27 0
1 28 0
1 29 0
1 30 0
1 31 0
1 32 0
1 33 0
1 34 0
1 35 0
1 36 0
1 37 0
1 38 0
1 39 0
1 40 0
1 41 0
1 42 0
1 43 0
1 44 0
1 45 0
1 46 0
1 47 0
1 48 0
1 49 0
1 50 0
1 51 0
1 52 0
1 53 0
1 54 0
1 55 0
1 56 0
1 57 0
1 58 0
1 59 0
1 60 0
1 61 0
1 62 0
1 63 0
1 64 0
1 65 0
1 66 0
1 67 0
1 68 0
1 69 0
1 70 0
1 71 0
1 72 0
1 73 0
1 74 0
1 75 0
1 76 0
1 77 0
1 78 0
1 79 0
1 80 0
1 81 0
1 82 0
1 83 0
1 84 0
1 85 0
1 86 0
1 87 0
1 88 0
1 89 0
1 90 0
1 91 0
1 92 0
1 93 0
1 94 0
1 95 0
1 96 0
1 97 0
1 98 0
1 99 0
1 100 0
100 -1 -8 0
100 -1 -10 0
100 -1 -12 0
100 -1 -13 0
100 -1 -17 0
100 -1 -23 0
100 -1 -25 0
100 -1 -26 0
100 -1 -27 0
100 -1 -28 0
100 -1 -31 0
100 -1 -32 0
100 -1 -33 0
100 -1 -35 0
100 -1 -37 0
100 -1 -41 0
100 -1 -42 0
100 -1 -43 0
100 -1 -45 0
100 -1 -46 0
100 -1 -47 0
100 -1 -49 0
100 -1 -51 0
100 -1 -52 0
100 -1 -53 0
100 -1 -55 0
100 -1 -56 0
100 -1 -57 0
100 -1 -59 0
100 -1 -60 0
100 -1 -61 0
100 -1 -62 0
100 -1 -63 0
100 -1 -65 0
100 -1 -72 0
100 -1 -75 0
100 -1 -76 0
100 -1 -78 0
100 -1 -80 0
100 -1 -82 0
100 -1 -84 0
100 -1 -86 0
100 -1 -87 0
100 -1 -90 0
100 -1 -93 0
100 -1 -94 0
100 -1 -95 0
100 -1 -100 0
100 -2 -3 0
100 -2 -6 0
100 -2 -8 0
100 -2 -10 0
100 -2 -12 0
100 -2 -15 0
100 -2 -17 0
100 -2 -22 0
100 -2 -25 0
100 -2 -26 0
100 -2 -27 0
100 -2 -28 0
100 -2 -29 0
100 -2 -31 0
100 -2 -35 0
100 -2 -37 0
100 -2 -41 0
100 -2 -42 0
100 -2 -44 0
100 -2 -45 0
100 -2 -48 0
100 -2 -50 0
100 -2 -53 0
100 -2 -54 0
100 -2 -55 0
100 -2 -57 0
100 -2 -58 0
100 -2 -59 0
100 -2 -60 0
100 -2 -62 0
100 -2 -65 0
100 -2 -67 0
100 -2 -68 0
100 -2 -69 0
100 -2 -70 0
100 -2 -71 0
100 -2 -72 0
100 -2 -75 0
100 -2 -76 0
100 -2 -77 0
100 -2 -79 0
100 -2 -82 0
100 -2 -85 0
100 -2 -86 0
100 -2 -87 0
100 -2 -88 0
100 -2 -91 0
100 -2 -92 0
100 -2 -93 0
100 -2 -94 0
100 -2 -95 0
100 -2 -97 0
100 -2 -98 0
100 -2 -99 0
100 -3 -5 0
100 -3 -6 0
100 -3 -9 0
100 -3 -10 0
100 -3 -12 0
100 -3 -13 0
100 -3 -15 0
100 -3 -16 0
100 -3 -17 0
100 -3 -19 0
100 -3 -20 0
100 -3 -21 0
100 -3 -23 0
100 -3 -24 0
100 -3 -26 0
100 -3 -27 0
100 -3 -28 0
100 -3 -29 0
100 -3 -34 0
100 -3 -35 0
100 -3 -37 0
100 -3 -38 0
100 -3 -41 0
100 -3 -43 0
100 -3 -48 0
100 -3 -49 0
100 -3 -50 0
100 -3 -52 0
100 -3 -53 0
100 -3 -54 0
100 -3 -58 0
100 -3 -59 0
100 -3 -60 0
100 -3 -61 0
100 -3 -63 0
100 -3 -64 0
100 -3 -65 0
100 -3 -67 0
100 -3 -68 0
100 -3 -72 0
100 -3 -73 0
100 -3 -76 0
100 -3 -78 0
100 -3 -79 0
100 -3 -81 0
100 -3 -83 0
100 -3 -84 0
100 -3 -89 0
100 -3 -91 0
100 -3 -93 0
100 -3 -94 0
100 -3 -95 0
100 -3 -99 0
100 -3 -100 0
100 -4 -5 0
100 -4 -6 0
100 -4 -8 0
100 -4 -11 0
100 -4 -13 0
100 -4 -14 0
100 -4 -17 0
100 -4 -18 0
100 -4 -20 0
100 -4 -22 0
100 -4 -25 0
100 -4 -27 0
100 -4 -32 0
100 -4 -33 0
100 -4 -38 0
100 -4 -43 0
100 -4 -45 0
100 -4 -47 0
100 -4 -48 0
100 -4 -49 0
100 -4 -51 0
100 -4 -52 0
100 -4 -53 0
100 -4 -54 0
100 -4 -55 0
100 -4 -59 0
100 -4 -60 0
100 -4 -62 0
100 -4 -63 0
100 -4 -64 0
100 -4 -68 0
100 -4 -71 0
100 -4 -74 0
100 -4 -76 0
100 -4 -77 0
100 -4 -78 0
100 -4 -84 0
100 -4 -85 0
100 -4 -86 0
100 -4 -87 0
100 -4 -88 0
100 -4 -89 0
100 -4 -91 0
100 -4 -92 0
100 -4 -96 0
100 -4 -99 0
100 -4 -100 0
100 -5 -6 0
100 -5 -7 0
100 -5 -8 0
100 -5 -10 0
100 -5 -11 0
100 -5 -12 0
100 -5 -16 0
100 -5 -17 0
100 -5 -18 0
100 -5 -21 0
100 -5 -23 0
100 -5 -25 0
100 -5 -26 0
100 -5 -28 0
100 -5 -29 0
100 -5 -31 0
100 -5 -32 0
100 -5 -37 0
100 -5 -38 0
100 -5 -39 0
100 -5 -40 0
100 -5 -41 0
100 -5 -42 0
100 -5 -43 0
100 -5 -44 0
100 -5 -45 0
100 -5 -46 0
100 -5 -47 0
100 -5 -49 0
100 -5 -53 0
100 -5 -54 0
100 -5 -57 0
100 -5 -60 0
100 -5 -64 0
100 -5 -66 0
100 -5 -71 0
100 -5 -72 0
100 -5 -73 0
100 -5 -86 0
100 -5 -91 0
100 -5 -92 0
100 -5 -93 0
100 -5 -95 0
100 -5 -96 0
100 -5 -97 0
100 -5 -98 0
100 -5 -100 0
100 -6 -7 0
100 -6 -8 0
100 -6 -9 0
100 -6 -10 0
100 -6 -11 0
100 -6 -13 0
100 -6 -15 0
100 -6 -18 0
100 -6 -20 0
100 -6 -27 0
100 -6 -28 0
100 -6 -29 0
100 -6 -30 0
100 -6 -34 0
100 -6 -35 0
100 -6 -39 0
100 -6 -40 0
100 -6 -42 0
100 -6 -43 0
100 -6 -45 0
100 -6 -54 0
100 -6 -57 0
100 -6 -58 0
100 -6 -59 0
100 -6 -60 0
100 -6 -61 0
100 -6 -63 0
100 -6 -64 0
100 -6 -65 0
100 -6 -69 0
100 -6 -70 0
100 -6 -71 0
100 -6 -72 0
100 -6 -75 0
100 -6 -77 0
100 -6 -78 0
100 -6 -79 0
100 -6 -80 0
100 -6 -81 0
100 -6 -84 0
100 -6 -86 0
100 -6 -87 0
100 -6 -89 0
100 -6 -90 0
100 -6 -91 0
100 -6 -93 0
100 -6 -94 0
100 -6 -97 0
100 -6 -98 0
100 -6 -100 0
100 -7 -8 0
100 -7 -10 0
100 -7 -12 0
100 -7 -13 0
100 -7 -16 0
100 -7 -19 0
100 -7 -20 0
100 -7 -21 0
100 -7 -23 0
100 -7 -25 0
100 -7 -28 0
100 -7 -29 0
100 -7 -37 0
100 -7 -38 0
100 -7 -41 0
100 -7 -42 0
100 -7 -43 0
100 -7 -44 0
100 -7 -46 0
100 -7 -48 0
100 -7 -52 0
100 -7 -58 0
100 -7 -61 0
100 -7 -62 0
100 -7 -63 0
100 -7 -64 0
100 -7 -67 0
100 -7 -69 0
100 -7 -72 0
100 -7 -74 0
100 -7 -76 0
100 -7 -77 0
100 -7 -78 0
100 -7 -84 0
100 -7 -86 0
100 -7 -87 0
100 -7 -90 0
100 -7 -98 0
100 -7 -99 0
100 -7 -100 0
100 -8 -15 0
100 -8 -19 0
100 -8 -22 0
100 -8 -23 0
100 -8 -25 0
100 -8 -26 0
100 -8 -27 0
100 -8 -29 0
100 -8 -30 0
100 -8 -31 0
100 -8 -32 0
100 -8 -33 0
100 -8 -34 0
100 -8 -36 0
100 -8 -37 0
100 -8 -38 0
100 -8 -41 0
100 -8 -55 0
100 -8 -56 0
100 -8 -57 0
100 -8 -65 0
100 -8 -66 0
100 -8 -70 0
100 -8 -73 0
100 -8 -75 0
100 -8 -76 0
100 -8 -77 0
100 -8 -78 0
100 -8 -82 0
100 -8 -84 0
100 -8 -85 0
100 -8 -87 0
100 -8 -88 0
100 -8 -89 0
100 -8 -91 0
100 -8 -93 0
100 -8 -96 0
100 -8 -97 0
100 -8 -98 0
100 -8 -99 0
100 -9 -11 0
100 -9 -13 0
100 -9 -14 0
100 -9 -15 0
100 -9 -17 0
100 -9 -23 0
100 -9 -24 0
100 -9 -26 0
100 -9 -28 0
100 -9 -30 0
100 -9 -32 0
100 -9 -36 0
100 -9 -37 0
100 -9 -38 0
100 -9 -40 0
100 -9 -44 0
100 -9 -45 0
100 -9 -48 0
100 -9 -49 0
100 -9 -50 0
100 -9 -51 0
100 -9 -52 0
100 -9 -54 0
100 -9 -55 0
100 -9 -56 0
100 -9 -59 0
100 -9 -60 0
100 -9 -62 0
100 -9 -63 0
100 -9 -69 0
100 -9 -71 0
100 -9 -72 0
100 -9 -73 0
100 -9 -74 0
100 -9 -77 0
100 -9 -79 0
100 -9 -80 0
100 -9 -82 0
100 -9 -84 0
100 -9 -85 0
100 -9 -86 0
100 -9 -87 0
100 -9 -89 0
100 -9 -90 0
100 -9 -94 0
100 -9 -96 0
100 -9 -97 0
100 -9 -99 0
100 -10 -12 0
100 -10 -13 0
100 -10 -15 0
100 -10 -17 0
100 -10 -18 0
100 -10 -21 0
100 -10 -22 0
100 -10 -23 0
100 -10 -30 0
100 -10 -31 0
100 -10 -32 0
100 -10 -36 0
100 -10 -39 0
100 -10 -41 0
100 -10 -42 0
100 -10 -46 0
100 -10 -48 0
100 -10 -49 0
100 -10 -50 0
100 -10 -52 0
100 -10 -54 0
100 -10 -55 0
100 -10 -57 0
100 -10 -59 0
100 -10 -65 0
100 -10 -66 0
100 -10 -67 0
100 -10 -68 0
100 -10 -69 0
100 -10 -73 0
100 -10 -76 0
100 -10 -78 0
100 -10 -80 0
100 -10 -82 0
100 -10 -83 0
100 -10 -86 0
100 -10 -88 0
100 -10 -91 0
100 -10 -92 0
100 -10 -93 0
100 -10 -94 0
100 -10 -99 0
100 -11 -12 0
100 -11 -13 0
100 -11 -17 0
100 -11 -19 0
100 -11 -22 0
100 -11 -23 0
100 -11 -28 0
100 -11 -32 0
100 -11 -34 0
100 -11 -36 0
100 -11 -37 0
100 -11 -38 0
100 -11 -42 0
100 -11 -45 0
100 -11 -46 0
100 -11 -47 0
100 -11 -50 0
100 -11 -55 0
100 -11 -57 0
100 -11 -59 0
100 -11 -60 0
100 -11 -63 0
100 -11 -64 0
100 -11 -65 0
100 -11 -72 0
100 -11 -75 0
100 -11 -76 0
100 -11 -77 0
100 -11 -78 0
100 -11 -79 0
100 -11 -80 0
100 -11 -82 0
100 -11 -86 0
100 -11 -89 0
100 -11 -90 0
100 -11 -94 0
100 -11 -96 0
100 -11 -97 0
100 -11 -98 0
100 -11 -99 0
100 -11 -100 0
100 -12 -14 0
100 -12 -15 0
100 -12 -16 0
100 -12 -19 0
100 -12 -20 0
100 -12 -21 0
100 -12 -24 0
100 -12 -26 0
100 -12 -27 0
100 -12 -29 0
100 -12 -30 0
100 -12 -31 0
100 -12 -32 0
100 -12 -36 0
100 -12 -37 0
100 -12 -41 0
100 -12 -47 0
100 -12 -48 0
100 -12 -49 0
100 -12 -50 0
100 -12 -51 0
100 -12 -52 0
100 -12 -53 0
100 -12 -54 0
100 -12 -55 0
100 -12 -57 0
100 -12 -58 0
100 -12 -60 0
100 -12 -62 0
100 -12 -63 0
100 -12 -65 0
100 -12 -68 0
100 -12 -69 0
100 -12 -73 0
100 -12 -77 0
100 -12 -78 0
100 -12 -79 0
100 -12 -80 0
100 -12 -82 0
100 -12 -83 0
100 -12 -86 0
100 -12 -87 0
100 -12 -90 0
100 -12 -91 0
100 -12 -92 0
100 -12 -94 0
100 -12 -97 0
100 -12 -99 0
100 -12 -100 0
100 -13 -14 0
100 -13 -15 0
100 -13 -16 0
100 -13 -18 0
100 -13 -20 0
100 -13 -24 0
100 -13 -26 0
100 -13 -28 0
100 -13 -32 0
100 -13 -34 0
100 -13 -35 0
100 -13 -36 0
100 -13 -37 0
100 -13 -38 0
100 -13 -39 0
100 -13 -40 0
100 -13 -43 0
100 -13 -45 0
100 -13 -48 0
100 -13 -50 0
100 -13 -57 0
100 -13 -61 0
100 -13 -63 0
100 -13 -64 0
100 -13 -66 0
100 -13 -67 0
100 -13 -68 0
100 -13 -69 0
100 -13 -70 0
100 -13 -72 0
100 -13 -75 0
100 -13 -76 0
100 -13 -77 0
100 -13 -78 0
100 -13 -81 0
100 -13 -84 0
100 -13 -85 0
100 -13 -86 0
100 -13 -90 0
100 -13 -94 0
100 -13 -95 0
100 -13 -96 0
100 -13 -98 0
100 -13 -99 0
100 -14 -17 0
100 -14 -19 0
100 -14 -20 0
100 -14 -21 0
100 -14 -23 0
100 -14 -24 0
100 -14 -25 0
100 -14 -26 0
100 -14 -29 0
100 -14 -30 0
100 -14 -33 0
100 -14 -35 0
100 -14 -37 0
100 -14 -38 0
100 -14 -40 0
100 -14 -44 0
100 -14 -46 0
100 -14 -47 0
100 -14 -52 0
100 -14 -54 0
100 -14 -56 0
100 -14 -59 0
100 -14 -60 0
100 -14 -61 0
100 -14 -67 0
100 -14 -68 0
100 -14 -69 0
100 -14 -71 0
100 -14 -74 0
100 -14 -75 0
100 -14 -76 0
100 -14 -83 0
100 -14 -84 0
100 -14 -85 0
100 -14 -87 0
100 -14 -90 0
100 -14 -91 0
100 -14 -92 0
100 -14 -98 0
100 -14 -100 0
100 -15 -16 0
100 -15 -17 0
100 -15 -19 0
100 -15 -21 0
100 -15 -22 0
100 -15 -23 0
100 -15 -26 0
100 -15 -29 0
100 -15 -30 0
100 -15 -31 0
100 -15 -32 0
100 -15 -33 0
100 -15 -40 0
100 -15 -42 0
100 -15 -45 0
100 -15 -49 0
100 -15 -50 0
100 -15 -58 0
100 -15 -59 0
100 -15 -60 0
100 -15 -61 0
100 -15 -63 0
100 -15 -65 0
100 -15 -68 0
100 -15 -69 0
100 -15 -70 0
100 -15 -75 0
100 -15 -80 0
100 -15 -82 0
100 -15 -84 0
100 -15 -85 0
100 -15 -86 0
100 -15 -87 0
100 -15 -88 0
100 -15 -90 0
100 -15 -91 0
100 -15 -92 0
100 -15 -94 0
100 -15 -96 0
100 -15 -97 0
100 -15 -98 0
100 -15 -100 0
100 -16 -18 0
100 -16 -20 0
100 -16 -22 0
100 -16 -23 0
100 -16 -25 0
100 -16 -26 0
100 -16 -28 0
100 -16 -30 0
100 -16 -31 0
100 -16 -36 0
100 -16 -39 0
100 -16 -40 0
100 -16 -41 0
100 -16 -42 0
100 -16 -44 0
100 -16 -46 0
100 -16 -49 0
100 -16 -51 0
100 -16 -54 0
100 -16 -56 0
100 -16 -57 0
100 -16 -58 0
100 -16 -60 0
100 -16 -62 0
100 -16 -63 0
100 -16 -64 0
100 -16 -65 0
100 -16 -67 0
100 -16 -70 0
100 -16 -72 0
100 -16 -74 0
100 -16 -75 0
100 -16 -76 0
100 -16 -77 0
100 -16 -80 0
100 -16 -81 0
100 -16 -83 0
100 -16 -84 0
100 -16 -86 0
100 -16 -87 0
100 -16 -89 0
100 -16 -91 0
100 -16 -94 0
100 -16 -95 0
100 -16 -96 0
100 -16 -97 0
100 -16 -100 0
100 -17 -22 0
100 -17 -25 0
100 -17 -26 0
100 -17 -27 0
100 -17 -29 0
100 -17 -31 0
100 -17 -36 0
100 -17 -38 0
100 -17 -40 0
100 -17 -43 0
100 -17 -44 0
100 -17 -46 0
100 -17 -51 0
100 -17 -57 0
100 -17 -58 0
100 -17 -59 0
100 -17 -61 0
100 -17 -63 0
100 -17 -66 0
100 -17 -67 0
100 -17 -69 0
100 -17 -74 0
100 -17 -78 0
100 -17 -79 0
100 -17 -87 0
100 -17 -88 0
100 -17 -89 0
100 -17 -90 0
100 -17 -92 0
100 -17 -93 0
100 -17 -94 0
100 -17 -98 0
100 -17 -99 0
100 -18 -20 0
100 -18 -21 0
100 -18 -26 0
100 -18 -27 0
100 -18 -29 0
100 -18 -30 0
100 -18 -33 0
100 -18 -34 0
100 -18 -35 0
100 -18 -37 0
100 -18 -39 0
100 -18 -41 0
100 -18 -42 0
100 -18 -43 0
100 -18 -44 0
100 -18 -47 0
100 -18 -48 0
100 -18 -50 0
100 -18 -52 0
100 -18 -55 0
100 -18 -59 0
100 -18 -62 0
100 -18 -64 0
100 -18 -65 0
100 -18 -66 0
100 -18 -67 0
100 -18 -70 0
100 -18 -71 0
100 -18 -72 0
100 -18 -73 0
100 -18 -74 0
100 -18 -75 0
100 -18 -77 0
100 -18 -78 0
100 -18 -79 0
100 -18 -80 0
100 -18 -81 0
100 -18 -82 0
100 -18 -87 0
100 -18 -88 0
100 -18 -89 0
100 -18 -90 0
100 -18 -91 0
100 -18 -92 0
100 -18 -94 0
100 -18 -95 0
100 -18 -99 0
100 -19 -20 0
100 -19 -21 0
100 -19 -24 0
100 -19 -25 0
100 -19 -26 0
100 -19 -28 0
100 -19 -32 0
100 -19 -33 0
100 -19 -34 0
100 -19 -35 0
100 -19 -37 0
100 -19 -40 0
100 -19 -42 0
100 -19 -44 0
100 -19 -45 0
100 -19 -47 0
100 -19 -48 0
100 -19 -52 0
100 -19 -53 0
100 -19 -54 0
100 -19 -56 0
100 -19 -62 0
100 -19 -64 0
100 -19 -65 0
100 -19 -68 0
100 -19 -70 0
100 -19 -71 0
100 -19 -72 0
100 -19 -74 0
100 -19 -76 0
100 -19 -77 0
100 -19 -79 0
100 -19 -81 0
100 -19 -82 0
100 -19 -83 0
100 -19 -85 0
100 -19 -88 0
100 -19 -90 0
100 -19 -92 0
100 -19 -93 0
100 -19 -95 0
100 -19 -98 0
100 -19 -100 0
100 -20 -23 0
100 -20 -25 0
100 -20 -27 0
100 -20 -28 0
100 -20 -31 0
100 -20 -34 0
100 -20 -38 0
100 -20 -40 0
100 -20 -42 0
100 -20 -43 0
100 -20 -44 0
100 -20 -47 0
100 -20 -50 0
100 -20 -51 0
100 -20 -54 0
100 -20 -57 0
100 -20 -59 0
100 -20 -60 0
100 -20 -62 0
100 -20 -63 0
100 -20 -64 0
100 -20 -68 0
100 -20 -71 0
100 -20 -72 0
100 -20 -74 0
100 -20 -77 0
100 -20 -79 0
100 -20 -80 0
100 -20 -81 0
100 -20 -82 0
100 -20 -83 0
100 -20 -84 0
100 -20 -88 0
100 -20 -89 0
100 -20 -91 0
100 -20 -93 0
100 -20 -94 0
100 -20 -95 0
100 -20 -96 0
100 -20 -98 0
100 -21 -24 0
100 -21 -31 0
100 -21 -32 0
100 -21 -33 0
100 -21 -36 0
100 -21 -38 0
100 -21 -39 0
100 -21 -40 0
100 -21 -42 0
100 -21 -43 0
100 -21 -47 0
100 -21 -48 0
100 -21 -51 0
100 -21 -53 0
100 -21 -54 0
100 -21 -58 0
100 -21 -61 0
100 -21 -63 0
100 -21 -64 0
100 -21 -69 0
100 -21 -70 0
100 -21 -71 0
100 -21 -72 0
100 -21 -74 0
100 -21 -80 0
100 -21 -84 0
100 -21 -85 0
100 -21 -86 0
100 -21 -87 0
100 -21 -93 0
100 -21 -94 0
100 -21 -95 0
100 -22 -23 0
100 -22 -25 0
100 -22 -30 0
100 -22 -31 0
100 -22 -33 0
100 -22 -34 0
100 -22 -36 0
100 -22 -37 0
100 -22 -38 0
100 -22 -40 0
100 -22 -41 0
100 -22 -46 0
100 -22 -52 0
100 -22 -53 0
100 -22 -55 0
100 -22 -56 0
100 -22 -60 0
100 -22 -61 0
100 -22 -62 0
100 -22 -63 0
100 -22 -64 0
100 -22 -68 0
100 -22 -70 0
100 -22 -72 0
100 -22 -73 0
100 -22 -74 0
100 -22 -75 0
100 -22 -76 0
100 -22 -78 0
100 -22 -79 0
100 -22 -81 0
100 -22 -82 0
100 -22 -85 0
100 -22 -87 0
100 -22 -89 0
100 -22 -90 0
100 -22 -91 0
100 -22 -92 0
100 -22 -94 0
100 -22 -95 0
100 -22 -96 0
100 -22 -97 0
100 -22 -98 0
100 -22 -99 0
100 -23 -24 0
100 -23 -25 0
100 -23 -26 0
100 -23 -28 0
100 -23 -29 0
100 -23 -30 0
100 -23 -31 0
100 -23 -32 0
100 -23 -34 0
100 -23 -37 0
100 -23 -43 0
100 -23 -46 0
100 -23 -47 0
100 -23 -51 0
100 -23 -52 0
100 -23 -53 0
100 -23 -54 0
100 -23 -55 0
100 -23 -56 0
100 -23 -58 0
100 -23 -60 0
100 -23 -62 0
100 -23 -68 0
100 -23 -69 0
100 -23 -70 0
100 -23 -71 0
100 -23 -74 0
100 -23 -75 0
100 -23 -79 0
100 -23 -81 0
100 -23 -82 0
100 -23 -83 0
100 -23 -84 0
100 -23 -90 0
100 -23 -91 0
100 -23 -94 0
100 -23 -98 0
100 -24 -25 0
100 -24 -29 0
100 -24 -30 0
100 -24 -31 0
100 -24 -32 0
100 -24 -33 0
100 -24 -35 0
100 -24 -36 0
100 -24 -37 0
100 -24 -39 0
100 -24 -40 0
100 -24 -44 0
100 -24 -47 0
100 -24 -49 0
100 -24 -50 0
100 -24 -52 0
100 -24 -54 0
100 -24 -55 0
100 -24 -57 0
100 -24 -60 0
100 -24 -61 0
100 -24 -62 0
100 -24 -63 0
100 -24 -65 0
100 -24 -67 0
100 -24 -75 0
100 -24 -76 0
100 -24 -77 0
100 -24 -78 0
100 -24 -81 0
100 -24 -84 0
100 -24 -89 0
100 -24 -92 0
100 -24 -94 0
100 -24 -95 0
100 -24 -97 0
100 -24 -98 0
100 -24 -99 0
100 -24 -100 0
100 -25 -26 0
100 -25 -27 0
100 -25 -31 0
100 -25 -34 0
100 -25 -37 0
100 -25 -40 0
100 -25 -41 0
100 -25 -42 0
100 -25 -54 0
100 -25 -58 0
100 -25 -60 0
100 -25 -61 0
100 -25 -62 0
100 -25 -63 0
100 -25 -65 0
100 -25 -66 0
100 -25 -67 0
100 -25 -70 0
100 -25 -73 0
100 -25 -75 0
100 -25 -77 0
100 -25 -80 0
100 -25 -82 0
100 -25 -85 0
100 -25 -86 0
100 -25 -87 0
100 -25 -88 0
100 -25 -90 0
100 -25 -91 0
100 -25 -97 0
100 -25 -99 0
100 -26 -27 0
100 -26 -28 0
100 -26 -31 0
100 -26 -32 0
100 -26 -33 0
100 -26 -36 0
100 -26 -37 0
100 -26 -38 0
100 -26 -39 0
100 -26 -40 0
100 -26 -45 0
100 -26 -50 0
100 -26 -55 0
100 -26 -56 0
100 -26 -62 0
100 -26 -66 0
100 -26 -71 0
100 -26 -73 0
100 -26 -74 0
100 -26 -77 0
100 -26 -80 0
100 -26 -82 0
100 -26 -87 0
100 -26 -89 0
100 -26 -90 0
100 -26 -91 0
100 -26 -93 0
100 -26 -94 0
100 -26 -97 0
100 -26 -99 0
100 -27 -28 0
100 -27 -31 0
100 -27 -32 0
100 -27 -37 0
100 -27 -38 0
100 -27 -39 0
100 -27 -46 0
100 -27 -50 0
100 -27 -51 0
100 -27 -52 0
100 -27 -53 0
100 -27 -54 0
100 -27 -55 0
100 -27 -56 0
100 -27 -57 0
100 -27 -58 0
100 -27 -59 0
100 -27 -61 0
100 -27 -63 0
100 -27 -64 0
100 -27 -66 0
100 -27 -67 0
100 -27 -68 0
100 -27 -71 0
100 -27 -75 0
100 -27 -76 0
100 -27 -77 0
100 -27 -80 0
100 -27 -81 0
100 -27 -82 0
100 -27 -84 0
100 -27 -85 0
100 -27 -91 0
100 -27 -95 0
100 -27 -99 0
100 -27 -100 0
100 -28 -30 0
100 -28 -31 0
100 -28 -34 0
100 -28 -35 0
100 -28 -36 0
100 -28 -38 0
100 -28 -40 0
100 -28 -41 0
100 -28 -44 0
100 -28 -48 0
100 -28 -50 0
100 -28 -51 0
100 -28 -53 0
100 -28 -55 0
100 -28 -56 0
100 -28 -58 0
100 -28 -59 0
100 -28 -66 0
100 -28 -69 0
100 -28 -70 0
100 -28 -74 0
100 -28 -78 0
100 -28 -80 0
100 -28 -82 0
100 -28 -84 0
100 -28 -89 0
100 -28 -91 0
100 -28 -94 0
100 -28 -95 0
100 -28 -97 0
100 -28 -99 0
100 -29 -33 0
100 -29 -34 0
100 -29 -37 0
100 -29 -38 0
100 -29 -44 0
100 -29 -46 0
100 -29 -47 0
100 -29 -48 0
100 -29 -51 0
100 -29 -55 0
100 -29 -56 0
100 -29 -57 0
100 -29 -59 0
100 -29 -66 0
100 -29 -70 0
100 -29 -71 0
100 -29 -72 0
100 -29 -73 0
100 -29 -74 0
100 -29 -82 0
100 -29 -87 0
100 -29 -95 0
100 -29 -96 0
100 -29 -98 0
100 -29 -99 0
100 -30 -33 0
100 -30 -34 0
100 -30 -35 0
100 -30 -37 0
100 -30 -40 0
100 -30 -41 0
100 -30 -44 0
100 -30 -46 0
100 -30 -49 0
100 -30 -51 0
100 -30 -54 0
100 -30 -55 0
100 -30 -56 0
100 -30 -57 0
100 -30 -60 0
100 -30 -64 0
100 -30 -65 0
100 -30 -67 0
100 -30 -68 0
100 -30 -69 0
100 -30 -71 0
100 -30 -73 0
100 -30 -74 0
100 -30 -77 0
100 -30 -79 0
100 -30 -80 0
100 -30 -82 0
100 -30 -83 0
100 -30 -85 0
100 -30 -87 0
100 -30 -91 0
100 -30 -92 0
100 -30 -94 0
100 -30 -95 0
100 -30 -96 0
100 -30 -99 0
100 -31 -32 0
100 -31 -34 0
100 -31 -35 0
100 -31 -37 0
100 -31 -38 0
100 -31 -40 0
100 -31 -41 0
100 -31 -47 0
100 -31 -48 0
100 -31 -52 0
100 -31 -53 0
100 -31 -56 0
100 -31 -57 0
100 -31 -58 0
100 -31 -60 0
100 -31 -64 0
100 -31 -65 0
100 -31 -68 0
100 -31 -69 0
100 -31 -70 0
100 -31 -72 0
100 -31 -73 0
100 -31 -81 0
100 -31 -87 0
100 -31 -88 0
100 -31 -90 0
100 -31 -91 0
100 -31 -94 0
100 -31 -96 0
100 -31 -97 0
100 -31 -98 0
100 -31 -99 0
100 -32 -33 0
100 -32 -36 0
100 -32 -37 0
100 -32 -49 0
100 -32 -51 0
100 -32 -52 0
100 -32 -54 0
100 -32 -56 0
100 -32 -57 0
100 -32 -61 0
100 -32 -62 0
100 -32 -63 0
100 -32 -65 0
100 -32 -66 0
100 -32 -68 0
100 -32 -69 0
100 -32 -76 0
100 -32 -77 0
100 -32 -78 0
100 -32 -80 0
100 -32 -83 0
100 -32 -84 0
100 -32 -85 0
100 -32 -86 0
100 -32 -88 0
100 -32 -90 0
100 -32 -92 0
100 -32 -95 0
100 -32 -96 0
100 -32 -98 0
100 -32 -99 0
100 -32 -100 0
100 -33 -34 0
100 -33 -36 0
100 -33 -38 0
100 -33 -40 0
100 -33 -43 0
100 -33 -46 0
100 -33 -49 0
100 -33 -54 0
100 -33 -55 0
100 -33 -57 0
100 -33 -58 0
100 -33 -61 0
100 -33 -62 0
100 -33 -63 0
100 -33 -64 0
100 -33 -66 0
100 -33 -67 0
100 -33 -68 0
100 -33 -69 0
100 -33 -71 0
100 -33 -78 0
100 -33 -79 0
100 -33 -81 0
100 -33 -83 0
100 -33 -84 0
100 -33 -85 0
100 -33 -86 0
100 -33 -91 0
100 -33 -93 0
100 -33 -100 0
100 -34 -35 0
100 -34 -37 0
100 -34 -40 0
100 -34 -41 0
100 -34 -42 0
100 -34 -46 0
100 -34 -47 0
100 -34 -48 0
100 -34 -49 0
100 -34 -50 0
100 -34 -52 0
100 -34 -53 0
100 -34 -55 0
100 -34 -56 0
100 -34 -57 0
100 -34 -58 0
100 -34 -59 0
100 -34 -63 0
100 -34 -64 0
100 -34 -67 0
100 -34 -68 0
100 -34 -71 0
100 -34 -72 0
100 -34 -73 0
100 -34 -76 0
100 -34 -78 0
100 -34 -79 0
100 -34 -82 0
100 -34 -83 0
100 -34 -85 0
100 -34 -86 0
100 -34 -87 0
100 -34 -88 0
100 -34 -91 0
100 -34 -93 0
100 -34 -94 0
100 -34 -96 0
100 -34 -98 0
100 -34 -99 0
100 -35 -36 0
100 -35 -37 0
100 -35 -40 0
100 -35 -42 0
100 -35 -45 0
100 -35 -46 0
100 -35 -48 0
100 -35 -49 0
100 -35 -50 0
100 -35 -51 0
100 -35 -53 0
100 -35 -54 0
100 -35 -55 0
100 -35 -58 0
100 -35 -60 0
100 -35 -62 0
100 -35 -63 0
100 -35 -64 0
100 -35 -65 0
100 -35 -68 0
100 -35 -70 0
100 -35 -71 0
100 -35 -72 0
100 -35 -73 0
100 -35 -75 0
100 -35 -76 0
100 -35 -79 0
100 -35 -80 0
100 -35 -81 0
100 -35 -84 0
100 -35 -85 0
100 -35 -88 0
100 -35 -89 0
100 -35 -90 0
100 -35 -91 0
100 -35 -92 0
100 -35 -94 0
100 -35 -95 0
100 -35 -96 0
100 -35 -99 0
100 -36 -38 0
100 -36 -39 0
100 -36 -40 0
100 -36 -42 0
100 -36 -43 0
100 -36 -44 0
100 -36 -45 0
100 -36 -46 0
100 -36 -47 0
100 -36 -50 0
100 -36 -51 0
100 -36 -52 0
100 -36 -54 0
100 -36 -56 0
100 -36 -57 0
100 -36 -58 0
100 -36 -59 0
100 -36 -66 0
100 -36 -67 0
100 -36 -72 0
100 -36 -74 0
100 -36 -75 0
100 -36 -77 0
100 -36 -81 0
100 -36 -83 0
100 -36 -84 0
100 -36 -85 0
100 -36 -89 0
100 -36 -90 0
100 -36 -91 0
100 -36 -92 0
100 -36 -93 0
100 -36 -95 0
100 -36 -100 0
100 -37 -40 0
100 -37 -41 0
100 -37 -44 0
100 -37 -49 0
100 -37 -50 0
100 -37 -51 0
100 -37 -54 0
100 -37 -55 0
100 -37 -58 0
100 -37 -61 0
100 -37 -62 0
100 -37 -63 0
100 -37 -64 0
100 -37 -66 0
100 -37 -67 0
100 -37 -71 0
100 -37 -73 0
100 -37 -74 0
100 -37 -76 0
100 -37 -79 0
100 -37 -80 0
100 -37 -81 0
100 -37 -83 0
100 -37 -84 0
100 -37 -86 0
100 -37 -88 0
100 -37 -89 0
100 -37 -92 0
100 -37 -93 0
100 -37 -94 0
100 -37 -96 0
100 -37 -97 0
100 -38 -41 0
100 -38 -42 0
100 -38 -45 0
100 -38 -46 0
100 -38 -47 0
100 -38 -50 0
100 -38 -51 0
100 -38 -53 0
100 -38 -54 0
100 -38 -55 0
100 -38 -58 0
100 -38 -61 0
100 -38 -62 0
100 -38 -65 0
100 -38 -68 0
100 -38 -72 0
100 -38 -73 0
100 -38 -74 0
100 -38 -75 0
100 -38 -81 0
100 -38 -87 0
100 -38 -93 0
100 -38 -94 0
100 -38 -96 0
100 -38 -97 0
100 -38 -98 0
100 -38 -99 0
100 -39 -40 0
100 -39 -41 0
100 -39 -42 0
100 -39 -45 0
100 -39 -47 0
100 -39 -48 0
100 -39 -49 0
100 -39 -52 0
100 -39 -56 0
100 -39 -57 0
100 -39 -58 0
100 -39 -60 0
100 -39 -62 0
100 -39 -63 0
100 -39 -68 0
100 -39 -69 0
100 -39 -70 0
100 -39 -71 0
100 -39 -72 0
100 -39 -73 0
100 -39 -74 0
100 -39 -75 0
100 -39 -81 0
100 -39 -85 0
100 -39 -88 0
100 -39 -90 0
100 -39 -93 0
100 -39 -94 0
100 -39 -95 0
100 -39 -99 0
100 -40 -41 0
100 -40 -43 0
100 -40 -45 0
100 -40 -46 0
100 -40 -47 0
100 -40 -49 0
100 -40 -50 0
100 -40 -51 0
100 -40 -53 0
100 -40 -54 0
100 -40 -56 0
100 -40 -58 0
100 -40 -59 0
100 -40 -62 0
100 -40 -64 0
100 -40 -65 0
100 -40 -67 0
100 -40 -68 0
100 -40 -69 0
100 -40 -70 0
100 -40 -71 0
100 -40 -72 0
100 -40 -74 0
100 -40 -77 0
100 -40 -84 0
100 -40 -85 0
100 -40 -88 0
100 -40 -92 0
100 -40 -93 0
100 -40 -94 0
100 -40 -95 0
100 -40 -96 0
100 -40 -97 0
100 -40 -100 0
100 -41 -42 0
100 -41 -43 0
100 -41 -44 0
100 -41 -45 0
100 -41 -46 0
100 -41 -47 0
100 -41 -48 0
100 -41 -49 0
100 -41 -51 0
100 -41 -52 0
100 -41 -53 0
100 -41 -54 0
100 -41 -56 0
100 -41 -57 0
100 -41 -63 0
100 -41 -64 0
100 -41 -66 0
100 -41 -67 0
100 -41 -69 0
100 -41 -74 0
100 -41 -75 0
100 -41 -78 0
100 -41 -80 0
100 -41 -82 0
100 -41 -86 0
100 -41 -88 0
100 -41 -90 0
100 -41 -92 0
100 -41 -93 0
100 -41 -94 0
100 -41 -95 0
100 -42 -45 0
100 -42 -46 0
100 -42 -49 0
100 -42 -50 0
100 -42 -51 0
100 -42 -53 0
100 -42 -54 0
100 -42 -55 0
100 -42 -63 0
100 -42 -64 0
100 -42 -65 0
100 -42 -66 0
100 -42 -67 0
100 -42 -69 0
100 -42 -70 0
100 -42 -73 0
100 -42 -74 0
100 -42 -81 0
100 -42 -82 0
100 -42 -83 0
100 -42 -87 0
100 -42 -93 0
100 -42 -94 0
100 -42 -95 0
100 -42 -96 0
100 -42 -97 0
100 -42 -98 0
100 -42 -99 0
100 -43 -44 0
100 -43 -45 0
100 -43 -46 0
100 -43 -47 0
100 -43 -49 0
100 -43 -50 0
100 -43 -52 0
100 -43 -54 0
100 -43 -55 0
100 -43 -56 0
100 -43 -57 0
100 -43 -60 0
100 -43 -61 0
100 -43 -63 0
100 -43 -65 0
100 -43 -67 0
100 -43 -72 0
100 -43 -73 0
100 -43 -76 0
100 -43 -77 0
100 -43 -82 0
100 -43 -85 0
100 -43 -86 0
100 -43 -92 0
100 -43 -93 0
100 -43 -94 0
100 -43 -95 0
100 -43 -96 0
100 -43 -98 0
100 -43 -99 0
100 -44 -45 0
100 -44 -49 0
100 -44 -50 0
100 -44 -55 0
100 -44 -56 0
100 -44 -57 0
100 -44 -58 0
100 -44 -66 0
100 -44 -68 0
100 -44 -69 0
100 -44 -73 0
100 -44 -75 0
100 -44 -80 0
100 -44 -81 0
100 -44 -82 0
100 -44 -84 0
100 -44 -85 0
100 -44 -86 0
100 -44 -87 0
100 -44 -92 0
100 -44 -96 0
100 -44 -97 0
100 -44 -98 0
100 -45 -47 0
100 -45 -50 0
100 -45 -51 0
100 -45 -55 0
100 -45 -57 0
100 -45 -59 0
100 -45 -61 0
100 -45 -63 0
100 -45 -64 0
100 -45 -65 0
100 -45 -68 0
100 -45 -69 0
100 -45 -73 0
100 -45 -76 0
100 -45 -79 0
100 -45 -80 0
100 -45 -82 0
100 -45 -87 0
100 -45 -88 0
100 -45 -95 0
100 -45 -97 0
100 -45 -98 0
100 -45 -100 0
100 -46 -49 0
100 -46 -50 0
100 -46 -51 0
100 -46 -52 0
100 -46 -53 0
100 -46 -54 0
100 -46 -56 0
100 -46 -58 0
100 -46 -61 0
100 -46 -62 0
100 -46 -63 0
100 -46 -68 0
100 -46 -71 0
100 -46 -73 0
100 -46 -75 0
100 -46 -76 0
100 -46 -78 0
100 -46 -80 0
100 -46 -86 0
100 -46 -88 0
100 -46 -90 0
100 -46 -93 0
100 -46 -94 0
100 -46 -97 0
100 -46 -99 0
100 -46 -100 0
100 -47 -48 0
100 -47 -51 0
100 -47 -52 0
100 -47 -54 0
100 -47 -58 0
100 -47 -59 0
100 -47 -62 0
100 -47 -63 0
100 -47 -64 0
100 -47 -65 0
100 -47 -68 0
100 -47 -69 0
100 -47 -70 0
100 -47 -71 0
100 -47 -76 0
100 -47 -79 0
100 -47 -80 0
100 -47 -81 0
100 -47 -82 0
100 -47 -83 0
100 -47 -86 0
100 -47 -87 0
100 -47 -88 0
100 -47 -89 0
100 -47 -90 0
100 -47 -93 0
100 -47 -94 0
100 -47 -96 0
100 -47 -97 0
100 -48 -49 0
100 -48 -50 0
100 -48 -54 0
100 -48 -55 0
100 -48 -59 0
100 -48 -61 0
100 -48 -62 0
100 -48 -63 0
100 -48 -64 0
100 -48 -67 0
100 -48 -69 0
100 -48 -70 0
100 -48 -72 0
100 -48 -75 0
100 -48 -77 0
100 -48 -79 0
100 -48 -80 0
100 -48 -82 0
100 -48 -83 0
100 -48 -84 0
100 -48 -87 0
100 -48 -89 0
100 -48 -90 0
100 -48 -91 0
100 -48 -93 0
100 -48 -94 0
100 -48 -98 0
100 -48 -99 0
100 -49 -50 0
100 -49 -51 0
100 -49 -54 0
100 -49 -56 0
100 -49 -62 0
100 -49 -63 0
100 -49 -65 0
100 -49 -70 0
100 -49 -71 0
100 -49 -73 0
100 -49 -74 0
100 -49 -75 0
100 -49 -77 0
100 -49 -79 0
100 -49 -80 0
100 -49 -81 0
100 -49 -82 0
100 -49 -84 0
100 -49 -85 0
100 -49 -86 0
100 -49 -87 0
100 -49 -88 0
100 -49 -97 0
100 -49 -99 0
100 -50 -53 0
100 -50 -56 0
100 -50 -61 0
100 -50 -62 0
100 -50 -63 0
100 -50 -67 0
100 -50 -68 0
100 -50 -70 0
100 -50 -71 0
100 -50 -74 0
100 -50 -75 0
100 -50 -76 0
100 -50 -77 0
100 -50 -78 0
100 -50 -79 0
100 -50 -82 0
100 -50 -88 0
100 -50 -91 0
100 -50 -93 0
100 -50 -96 0
100 -50 -97 0
100 -50 -98 0
100 -50 -100 0
100 -51 -53 0
100 -51 -56 0
100 -51 -57 0
100 -51 -59 0
100 -51 -61 0
100 -51 -62 0
100 -51 -66 0
100 -51 -70 0
100 -51 -72 0
100 -51 -73 0
100 -51 -77 0
100 -51 -79 0
100 -51 -81 0
100 -51 -83 0
100 -51 -84 0
100 -51 -86 0
100 -51 -87 0
100 -51 -89 0
100 -51 -90 0
100 -51 -91 0
100 -51 -95 0
100 -51 -96 0
100 -51 -99 0
100 -51 -100 0
100 -52 -54 0
100 -52 -57 0
100 -52 -58 0
100 -52 -60 0
100 -52 -61 0
100 -52 -64 0
100 -52 -66 0
100 -52 -68 0
100 -52 -71 0
100 -52 -72 0
100 -52 -73 0
100 -52 -74 0
100 -52 -77 0
100 -52 -78 0
100 -52 -80 0
100 -52 -81 0
100 -52 -82 0
100 -52 -83 0
100 -52 -84 0
100 -52 -86 0
100 -52 -90 0
100 -52 -91 0
100 -52 -94 0
100 -52 -95 0
100 -52 -97 0
100 -53 -54 0
100 -53 -57 0
100 -53 -59 0
100 -53 -61 0
100 -53 -62 0
100 -53 -63 0
100 -53 -65 0
100 -53 -67 0
100 -53 -68 0
100 -53 -71 0
100 -53 -72 0
100 -53 -73 0
100 -53 -74 0
100 -53 -77 0
100 -53 -78 0
100 -53 -80 0
100 -53 -81 0
100 -53 -85 0
100 -53 -86 0
100 -53 -87 0
100 -53 -91 0
100 -53 -93 0
100 -53 -94 0
100 -53 -95 0
100 -53 -97 0
100 -53 -99 0
100 -53 -100 0
100 -54 -55 0
100 -54 -60 0
100 -54 -61 0
100 -54 -62 0
100 -54 -63 0
100 -54 -64 0
100 -54 -65 0
100 -54 -67 0
100 -54 -68 0
100 -54 -70 0
100 -54 -73 0
100 -54 -76 0
100 -54 -77 0
100 -54 -79 0
100 -54 -80 0
100 -54 -81 0
100 -54 -82 0
100 -54 -84 0
100 -54 -85 0
100 -54 -86 0
100 -54 -87 0
100 -54 -88 0
100 -54 -91 0
100 -54 -92 0
100 -54 -93 0
100 -54 -94 0
100 -54 -96 0
100 -55 -57 0
100 -55 -58 0
100 -55 -63 0
100 -55 -68 0
100 -55 -72 0
100 -55 -73 0
100 -55 -76 0
100 -55 -77 0
100 -55 -78 0
100 -55 -79 0
100 -55 -80 0
100 -55 -84 0
100 -55 -85 0
100 -55 -87 0
100 -55 -89 0
100 -55 -90 0
100 -55 -92 0
100 -55 -93 0
100 -55 -95 0
100 -55 -98 0
100 -55 -99 0
100 -56 -59 0
100 -56 -62 0
100 -56 -63 0
100 -56 -66 0
100 -56 -67 0
100 -56 -71 0
100 -56 -72 0
100 -56 -77 0
100 -56 -79 0
100 -56 -82 0
100 -56 -83 0
100 -56 -84 0
100 -56 -85 0
100 -56 -86 0
100 -56 -87 0
100 -56 -89 0
100 -56 -90 0
100 -56 -93 0
100 -56 -98 0
100 -56 -100 0
100 -57 -59 0
100 -57 -60 0
100 -57 -61 0
100 -57 -62 0
100 -57 -64 0
100 -57 -66 0
100 -57 -68 0
100 -57 -69 0
100 -57 -70 0
100 -57 -71 0
100 -57 -73 0
100 -57 -74 0
100 -57 -75 0
100 -57 -76 0
100 -57 -77 0
100 -57 -79 0
100 -57 -81 0
100 -57 -82 0
100 -57 -86 0
100 -57 -89 0
100 -57 -93 0
100 -57 -95 0
100 -57 -98 0
100 -57 -99 0
100 -58 -59 0
100 -58 -60 0
100 -58 -62 0
100 -58 -63 0
100 -58 -64 0
100 -58 -65 0
100 -58 -67 0
100 -58 -68 0
100 -58 -70 0
100 -58 -71 0
100 -58 -72 0
100 -58 -75 0
100 -58 -76 0
100 -58 -78 0
100 -58 -81 0
100 -58 -84 0
100 -58 -85 0
100 -58 -86 0
100 -58 -87 0
100 -58 -88 0
100 -58 -89 0
100 -58 -93 0
100 -58 -96 0
100 -58 -97 0
100 -59 -60 0
100 -59 -62 0
100 -59 -63 0
100 -59 -67 0
100 -59 -68 0
100 -59 -70 0
100 -59 -71 0
100 -59 -72 0
100 -59 -73 0
100 -59 -75 0
100 -59 -79 0
100 -59 -81 0
100 -59 -84 0
100 -59 -85 0
100 -59 -88 0
100 -59 -89 0
100 -59 -91 0
100 -59 -93 0
100 -59 -97 0
100 -59 -99 0
100 -60 -62 0
100 -60 -65 0
100 -60 -67 0
100 -60 -69 0
100 -60 -70 0
100 -60 -71 0
100 -60 -72 0
100 -60 -76 0
100 -60 -77 0
100 -60 -78 0
100 -60 -79 0
100 -60 -86 0
100 -60 -88 0
100 -60 -91 0
100 -60 -92 0
100 -60 -93 0
100 -60 -95 0
100 -60 -97 0
100 -61 -65 0
100 -61 -66 0
100 -61 -68 0
100 -61 -70 0
100 -61 -71 0
100 -61 -73 0
100 -61 -75 0
100 -61 -76 0
100 -61 -77 0
100 -61 -81 0
100 -61 -84 0
100 -61 -85 0
100 -61 -86 0
100 -61 -89 0
100 -61 -90 0
100 -61 -91 0
100 -61 -95 0
100 -61 -96 0
100 -61 -97 0
100 -61 -99 0
100 -62 -64 0
100 -62 -66 0
100 -62 -68 0
100 -62 -69 0
100 -62 -70 0
100 -62 -71 0
100 -62 -72 0
100 -62 -73 0
100 -62 -75 0
100 -62 -77 0
100 -62 -79 0
100 -62 -82 0
100 -62 -85 0
100 -62 -89 0
100 -62 -90 0
100 -62 -91 0
100 -62 -92 0
100 -62 -93 0
100 -62 -95 0
100 -62 -96 0
100 -62 -98 0
100 -62 -99 0
100 -62 -100 0
100 -63 -64 0
100 -63 -65 0
100 -63 -68 0
100 -63 -75 0
100 -63 -76 0
100 -63 -80 0
100 -63 -81 0
100 -63 -83 0
100 -63 -91 0
100 -63 -94 0
100 -63 -95 0
100 -63 -98 0
100 -63 -99 0
100 -64 -65 0
100 -64 -66 0
100 -64 -67 0
100 -64 -69 0
100 -64 -70 0
100 -64 -72 0
100 -64 -76 0
100 -64 -79 0
100 -64 -81 0
100 -64 -82 0
100 -64 -83 0
100 -64 -85 0
100 -64 -87 0
100 -64 -88 0
100 -64 -90 0
100 -64 -91 0
100 -64 -93 0
100 -64 -97 0
100 -64 -98 0
100 -65 -66 0
100 -65 -68 0
100 -65 -71 0
100 -65 -76 0
100 -65 -77 0
100 -65 -80 0
100 -65 -81 0
100 -65 -82 0
100 -65 -84 0
100 -65 -88 0
100 -65 -89 0
100 -65 -90 0
100 -65 -94 0
100 -65 -97 0
100 -65 -98 0
100 -65 -99 0
100 -66 -67 0
100 -66 -68 0
100 -66 -71 0
100 -66 -73 0
100 -66 -75 0
100 -66 -78 0
100 -66 -82 0
100 -66 -83 0
100 -66 -87 0
100 -66 -89 0
100 -66 -92 0
100 -66 -93 0
100 -66 -94 0
100 -66 -95 0
100 -66 -98 0
100 -66 -100 0
100 -67 -69 0
100 -67 -70 0
100 -67 -72 0
100 -67 -73 0
100 -67 -76 0
100 -67 -78 0
100 -67 -79 0
100 -67 -81 0
100 -67 -82 0
100 -67 -83 0
100 -67 -84 0
100 -67 -87 0
100 -67 -91 0
100 -67 -94 0
100 -67 -98 0
100 -67 -100 0
100 -68 -71 0
100 -68 -72 0
100 -68 -74 0
100 -68 -75 0
100 -68 -76 0
100 -68 -85 0
100 -68 -87 0
100 -68 -91 0
100 -68 -93 0
100 -68 -95 0
100 -68 -98 0
100 -68 -99 0
100 -68 -100 0
100 -69 -70 0
100 -69 -71 0
100 -69 -74 0
100 -69 -76 0
100 -69 -78 0
100 -69 -79 0
100 -69 -80 0
100 -69 -81 0
100 -69 -82 0
100 -69 -83 0
100 -69 -84 0
100 -69 -85 0
100 -69 -89 0
100 -69 -95 0
100 -69 -96 0
100 -69 -98 0
100 -69 -99 0
100 -70 -72 0
100 -70 -73 0
100 -70 -75 0
100 -70 -82 0
100 -70 -83 0
100 -70 -85 0
100 -70 -90 0
100 -70 -91 0
100 -70 -92 0
100 -70 -94 0
100 -70 -99 0
100 -70 -100 0
100 -71 -74 0
100 -71 -78 0
100 -71 -83 0
100 -71 -84 0
100 -71 -85 0
100 -71 -86 0
100 -71 -93 0
100 -71 -94 0
100 -71 -96 0
100 -71 -98 0
100 -71 -99 0
100 -72 -74 0
100 -72 -76 0
100 -72 -78 0
100 -72 -80 0
100 -72 -81 0
100 -72 -82 0
100 -72 -84 0
100 -72 -85 0
100 -72 -86 0
100 -72 -87 0
100 -72 -88 0
100 -72 -90 0
100 -72 -92 0
100 -72 -93 0
100 -72 -94 0
100 -72 -96 0
100 -72 -97 0
100 -72 -98 0
100 -73 -74 0
100 -73 -75 0
100 -73 -77 0
100 -73 -78 0
100 -73 -79 0
100 -73 -80 0
100 -73 -83 0
100 -73 -84 0
100 -73 -85 0
100 -73 -89 0
100 -73 -98 0
100 -73 -100 0
100 -74 -76 0
100 -74 -78 0
100 -74 -79 0
100 -74 -80 0
100 -74 -82 0
100 -74 -85 0
100 -74 -92 0
100 -74 -93 0
100 -74 -96 0
100 -74 -97 0
100 -74 -98 0
100 -75 -76 0
100 -75 -78 0
100 -75 -81 0
100 -75 -83 0
100 -75 -84 0
100 -75 -86 0
100 -75 -87 0
100 -75 -88 0
100 -75 -90 0
100 -75 -91 0
100 -75 -92 0
100 -75 -93 0
100 -75 -96 0
100 -75 -97 0
100 -75 -99 0
100 -76 -77 0
100 -76 -80 0
100 -76 -83 0
100 -76 -84 0
100 -76 -85 0
100 -76 -86 0
100 -76 -87 0
100 -76 -88 0
100 -76 -89 0
100 -76 -90 0
100 -76 -92 0
100 -76 -93 0
100 -76 -96 0
100 -76 -98 0
100 -76 -100 0
100 -77 -78 0
100 -77 -79 0
100 -77 -81 0
100 -77 -82 0
100 -77 -86 0
100 -77 -91 0
100 -77 -92 0
100 -77 -93 0
100 -77 -95 0
100 -77 -96 0
100 -77 -97 0
100 -77 -100 0
100 -78 -80 0
100 -78 -82 0
100 -78 -83 0
100 -78 -84 0
100 -78 -85 0
100 -78 -86 0
100 -78 -87 0
100 -78 -88 0
100 -78 -89 0
100 -78 -91 0
100 -78 -93 0
100 -78 -94 0
100 -78 -97 0
100 -78 -98 0
100 -78 -100 0
100 -79 -80 0
100 -79 -82 0
100 -79 -88 0
100 -79 -91 0
100 -79 -92 0
100 -79 -93 0
100 -79 -94 0
100 -79 -95 0
100 -79 -98 0
100 -79 -99 0
100 -80 -83 0
100 -80 -84 0
100 -80 -85 0
100 -80 -88 0
100 -80 -90 0
100 -80 -91 0
100 -80 -92 0
100 -80 -93 0
100 -80 -95 0
100 -80 -96 0
100 -80 -98 0
100 -80 -99 0
100 -81 -84 0
100 -81 -86 0
100 -81 -87 0
100 -81 -90 0
100 -81 -91 0
100 -81 -92 0
100 -81 -94 0
100 -81 -97 0
100 -81 -98 0
100 -81 -99 0
100 -82 -86 0
100 -82 -87 0
100 -82 -90 0
100 -82 -94 0
100 -82 -95 0
100 -82 -97 0
100 -82 -98 0
100 -82 -99 0
100 -82 -100 0
100 -83 -85 0
100 -83 -88 0
100 -83 -90 0
100 -83 -92 0
100 -83 -93 0
100 -83 -94 0
100 -83 -97 0
100 -83 -99 0
100 -83 -100 0
100 -84 -88 0
100 -84 -90 0
100 -84 -92 0
100 -84 -93 0
100 -84 -99 0
100 -84 -100 0
100 -85 -86 0
100 -85 -87 0
100 -85 -89 0
100 -85 -92 0
100 -85 -93 0
100 -85 -94 0
100 -85 -95 0
100 -85 -96 0
100 -85 -100 0
100 -86 -87 0
100 -86 -88 0
100 -86 -90 0
100 -86 -93 0
100 -86 -94 0
100 -86 -95 0
100 -86 -97 0
100 -86 -98 0
100 -87 -97 0
100 -88 -89 0
100 -88 -90 0
100 -88 -91 0
100 -88 -92 0
100 -88 -96 0
100 -88 -98 0
100 -88 -100 0
100 -89 -92 0
100 -89 -93 0
100 -89 -94 0
100 -89 -95 0
100 -89 -99 0
100 -90 -91 0
100 -90 -93 0
100 -90 -94 0
100 -90 -95 0
100 -90 -98 0
100 -90 -100 0
100 -91 -94 0
100 -91 -95 0
100 -91 -96 0
100 -91 -97 0
100 -91 -98 0
100 -91 -99 0
100 -91 -100 0
100 -92 -97 0
100 -92 -98 0
100 -92 -100 0
100 -93 -95 0
100 -93 -98 0
100 -93 -99 0
100 -93 -100 0
100 -94 -95 0
100 -94 -97 0
100 -94 -98 0
100 -95 -98 0
100 -95 -99 0
100 -96 -99 0
100 -97 -98 0
100 -98 -100 0
