p wcnf 150 1268 150
1 1 0
1 2 0
1 3 0
1 4 0
1 5 0
1 6 0
1 7 0
1 8 0
1 9 0
1 10 0
1 11 0
1 12 0
1 13 0
1 14 0
1 15 0
1 16 0
1 17 0
1 18 0
1 19 0
1 20 0
1 21 0
1 22 0
1 23 0
1 24 0
1 25 0
1 26 0
1 27 0
1 28 0
1 29 0
1 30 0
1 31 0
1 32 0
1 33 0
1 34 0
1 35 0
1 36 0
1 37 0
1 38 0
1 39 0
1 40 0
1 41 0
1 42 0
1 43 0
1 44 0
1 45 0
1 46 0
1 47 0
1 48 0
1 49 0
1 50 0
1 51 0
1 52 0
1 53 0
1 54 0
1 55 0
1 56 0
1 57 0
1 58 0
1 59 0
1 60 0
1 61 0
1 62 0
1 63 0
1 64 0
1 65 0
1 66 0
1 67 0
1 68 0
1 69 0
1 70 0
1 71 0
1 72 0
1 73 0
1 74 0
1 75 0
1 76 0
1 77 0
1 78 0
1 79 0
1 80 0
1 81 0
1 82 0
1 83 0
1 84 0
1 85 0
1 86 0
1 87 0
1 88 0
1 89 0
1 90 0
1 91 0
1 92 0
1 93 0
1 94 0
1 95 0
1 96 0
1 97 0
1 98 0
1 99 0
1 100 0
1 101 0
1 102 0
1 103 0
1 104 0
1 105 0
1 106 0
1 107 0
1 108 0
1 109 0
1 110 0
1 111 0
1 112 0
1 113 0
1 114 0
1 115 0
1 116 0
1 117 0
1 118 0
1 119 0
1 120 0
1 121 0
1 122 0
1 123 0
1 124 0
1 125 0
1 126 0
1 127 0
1 128 0
1 129 0
1 130 0
1 131 0
1 132 0
1 133 0
1 134 0
1 135 0
1 136 0
1 137 0
1 138 0
1 139 0
1 140 0
1 141 0
1 142 0
1 143 0
1 144 0
1 145 0
1 146 0
1 147 0
1 148 0
1 149 0
1 150 0
150 -1 -9 0
150 -1 -15 0
150 -1 -25 0
150 -1 -57 0
150 -1 -68 0
150 -1 -75 0
150 -1 -76 0
150 -1 -80 0
150 -1 -89 0
150 -1 -91 0
150 -1 -98 0
150 -1 -111 0
150 -1 -114 0
150 -1 -124 0
150 -1 -129 0
150 -1 -133 0
150 -1 -143 0
150 -2 -5 0
150 -2 -7 0
150 -2 -14 0
150 -2 -17 0
150 -2 -28 0
150 -2 -31 0
150 -2 -35 0
150 -2 -52 0
150 -2 -65 0
150 -2 -73 0
150 -2 -75 0
150 -2 -87 0
150 -2 -99 0
150 -2 -101 0
150 -2 -102 0
150 -2 -115 0
150 -2 -117 0
150 -2 -129 0
150 -2 -142 0
150 -2 -148 0
150 -3 -6 0
150 -3 -13 0
150 -3 -14 0
150 -3 -28 0
150 -3 -33 0
150 -3 -55 0
150 -3 -65 0
150 -3 -66 0
150 -3 -67 0
150 -3 -70 0
150 -3 -104 0
150 -3 -133 0
150 -3 -143 0
150 -3 -145 0
150 -4 -17 0
150 -4 -21 0
150 -4 -22 0
150 -4 -25 0
150 -4 -45 0
150 -4 -84 0
150 -4 -114 0
150 -4 -145 0
150 -4 -147 0
150 -5 -13 0
150 -5 -16 0
150 -5 -27 0
150 -5 -34 0
150 -5 -38 0
150 -5 -39 0
150 -5 -57 0
150 -5 -67 0
150 -5 -77 0
150 -5 -96 0
150 -5 -113 0
150 -5 -114 0
150 -5 -117 0
150 -5 -120 0
150 -5 -123 0
150 -5 -142 0
150 -6 -13 0
150 -6 -14 0
150 -6 -16 0
150 -6 -35 0
150 -6 -56 0
150 -6 -67 0
150 -6 -69 0
150 -6 -74 0
150 -6 -76 0
150 -6 -77 0
150 -6 -87 0
150 -6 -89 0
150 -6 -96 0
150 -6 -98 0
150 -6 -101 0
150 -6 -103 0
150 -6 -109 0
150 -6 -115 0
150 -6 -117 0
150 -6 -129 0
150 -6 -145 0
150 -6 -150 0
150 -7 -8 0
150 -7 -17 0
150 -7 -22 0
150 -7 -35 0
150 -7 -38 0
150 -7 -72 0
150 -7 -79 0
150 -7 -87 0
150 -7 -115 0
150 -7 -123 0
150 -7 -131 0
150 -8 -24 0
150 -8 -31 0
150 -8 -32 0
150 -8 -39 0
150 -8 -44 0
150 -8 -51 0
150 -8 -64 0
150 -8 -69 0
150 -8 -95 0
150 -8 -102 0
150 -8 -118 0
150 -8 -137 0
150 -8 -148 0
150 -9 -19 0
150 -9 -33 0
150 -9 -65 0
150 -9 -67 0
150 -9 -79 0
150 -9 -88 0
150 -9 -98 0
150 -9 -113 0
150 -9 -114 0
150 -9 -124 0
150 -9 -125 0
150 -9 -149 0
150 -10 -45 0
150 -10 -87 0
150 -10 -91 0
150 -10 -94 0
150 -10 -105 0
150 -10 -106 0
150 -10 -120 0
150 -10 -128 0
150 -10 -141 0
150 -11 -13 0
150 -11 -16 0
150 -11 -18 0
150 -11 -34 0
150 -11 -40 0
150 -11 -56 0
150 -11 -82 0
150 -11 -106 0
150 -11 -107 0
150 -11 -137 0
150 -11 -140 0
150 -11 -141 0
150 -12 -13 0
150 -12 -16 0
150 -12 -19 0
150 -12 -30 0
150 -12 -32 0
150 -12 -34 0
150 -12 -38 0
150 -12 -53 0
150 -12 -66 0
150 -12 -76 0
150 -12 -123 0
150 -12 -147 0
150 -13 -27 0
150 -13 -37 0
150 -13 -42 0
150 -13 -49 0
150 -13 -72 0
150 -13 -74 0
150 -13 -79 0
150 -13 -94 0
150 -13 -97 0
150 -13 -105 0
150 -13 -128 0
150 -14 -27 0
150 -14 -51 0
150 -14 -56 0
150 -14 -57 0
150 -14 -71 0
150 -14 -77 0
150 -14 -79 0
150 -14 -82 0
150 -14 -90 0
150 -14 -98 0
150 -14 -105 0
150 -14 -135 0
150 -14 -137 0
150 -14 -140 0
150 -15 -24 0
150 -15 -30 0
150 -15 -46 0
150 -15 -53 0
150 -15 -65 0
150 -15 -66 0
150 -15 -72 0
150 -15 -90 0
150 -15 -101 0
150 -15 -106 0
150 -15 -108 0
150 -15 -135 0
150 -15 -138 0
150 -15 -150 0
150 -16 -32 0
150 -16 -33 0
150 -16 -34 0
150 -16 -38 0
150 -16 -73 0
150 -16 -81 0
150 -16 -83 0
150 -16 -85 0
150 -16 -89 0
150 -16 -95 0
150 -16 -106 0
150 -16 -109 0
150 -16 -112 0
150 -16 -115 0
150 -16 -119 0
150 -16 -124 0
150 -16 -137 0
150 -16 -143 0
150 -16 -146 0
150 -16 -147 0
150 -17 -18 0
150 -17 -25 0
150 -17 -36 0
150 -17 -44 0
150 -17 -59 0
150 -17 -80 0
150 -17 -116 0
150 -17 -117 0
150 -17 -129 0
150 -17 -134 0
150 -17 -137 0
150 -18 -29 0
150 -18 -30 0
150 -18 -34 0
150 -18 -56 0
150 -18 -58 0
150 -18 -60 0
150 -18 -66 0
150 -18 -74 0
150 -18 -82 0
150 -18 -100 0
150 -18 -145 0
150 -18 -146 0
150 -19 -61 0
150 -19 -72 0
150 -19 -74 0
150 -19 -88 0
150 -19 -91 0
150 -19 -93 0
150 -19 -94 0
150 -19 -106 0
150 -19 -125 0
150 -19 -130 0
150 -19 -138 0
150 -19 -139 0
150 -19 -150 0
150 -20 -31 0
150 -20 -42 0
150 -20 -47 0
150 -20 -66 0
150 -20 -74 0
150 -20 -82 0
150 -20 -83 0
150 -20 -85 0
150 -20 -88 0
150 -20 -92 0
150 -20 -93 0
150 -20 -96 0
150 -20 -110 0
150 -20 -130 0
150 -20 -149 0
150 -20 -150 0
150 -21 -23 0
150 -21 -26 0
150 -21 -41 0
150 -21 -63 0
150 -21 -70 0
150 -21 -91 0
150 -21 -93 0
150 -21 -106 0
150 -21 -116 0
150 -21 -123 0
150 -21 -124 0
150 -21 -133 0
150 -21 -134 0
150 -21 -139 0
150 -21 -142 0
150 -21 -143 0
150 -22 -23 0
150 -22 -30 0
150 -22 -37 0
150 -22 -52 0
150 -22 -62 0
150 -22 -66 0
150 -22 -70 0
150 -22 -91 0
150 -22 -93 0
150 -22 -102 0
150 -22 -103 0
150 -22 -104 0
150 -22 -112 0
150 -22 -123 0
150 -22 -133 0
150 -23 -29 0
150 -23 -38 0
150 -23 -57 0
150 -23 -60 0
150 -23 -62 0
150 -23 -66 0
150 -23 -80 0
150 -23 -89 0
150 -23 -94 0
150 -23 -96 0
150 -23 -98 0
150 -23 -102 0
150 -23 -131 0
150 -23 -135 0
150 -23 -137 0
150 -23 -145 0
150 -23 -149 0
150 -24 -28 0
150 -24 -43 0
150 -24 -59 0
150 -24 -69 0
150 -24 -70 0
150 -24 -91 0
150 -24 -102 0
150 -24 -120 0
150 -24 -128 0
150 -24 -138 0
150 -24 -139 0
150 -25 -30 0
150 -25 -32 0
150 -25 -37 0
150 -25 -46 0
150 -25 -63 0
150 -25 -66 0
150 -25 -72 0
150 -25 -79 0
150 -25 -83 0
150 -25 -85 0
150 -25 -103 0
150 -25 -106 0
150 -25 -110 0
150 -25 -112 0
150 -25 -117 0
150 -25 -149 0
150 -26 -30 0
150 -26 -54 0
150 -26 -78 0
150 -26 -88 0
150 -26 -93 0
150 -26 -97 0
150 -26 -122 0
150 -26 -126 0
150 -26 -138 0
150 -27 -41 0
150 -27 -78 0
150 -27 -87 0
150 -27 -90 0
150 -27 -98 0
150 -27 -102 0
150 -27 -146 0
150 -28 -33 0
150 -28 -43 0
150 -28 -46 0
150 -28 -48 0
150 -28 -59 0
150 -28 -82 0
150 -28 -84 0
150 -28 -89 0
150 -28 -93 0
150 -28 -114 0
150 -28 -134 0
150 -29 -31 0
150 -29 -38 0
150 -29 -51 0
150 -29 -60 0
150 -29 -67 0
150 -29 -69 0
150 -29 -77 0
150 -29 -111 0
150 -30 -57 0
150 -30 -61 0
150 -30 -93 0
150 -30 -101 0
150 -30 -102 0
150 -30 -104 0
150 -30 -106 0
150 -30 -114 0
150 -30 -119 0
150 -30 -135 0
150 -30 -146 0
150 -30 -148 0
150 -31 -42 0
150 -31 -52 0
150 -31 -59 0
150 -31 -63 0
150 -31 -72 0
150 -31 -96 0
150 -31 -112 0
150 -31 -124 0
150 -31 -126 0
150 -31 -134 0
150 -31 -146 0
150 -32 -42 0
150 -32 -61 0
150 -32 -72 0
150 -32 -73 0
150 -32 -77 0
150 -32 -80 0
150 -32 -84 0
150 -32 -121 0
150 -32 -125 0
150 -32 -126 0
150 -32 -127 0
150 -32 -128 0
150 -32 -131 0
150 -32 -147 0
150 -33 -51 0
150 -33 -64 0
150 -33 -70 0
150 -33 -106 0
150 -33 -107 0
150 -33 -116 0
150 -33 -130 0
150 -33 -136 0
150 -33 -144 0
150 -33 -146 0
150 -33 -148 0
150 -33 -149 0
150 -34 -39 0
150 -34 -42 0
150 -34 -43 0
150 -34 -44 0
150 -34 -50 0
150 -34 -60 0
150 -34 -62 0
150 -34 -65 0
150 -34 -69 0
150 -34 -70 0
150 -34 -83 0
150 -34 -95 0
150 -34 -105 0
150 -34 -121 0
150 -34 -137 0
150 -35 -42 0
150 -35 -51 0
150 -35 -52 0
150 -35 -53 0
150 -35 -62 0
150 -35 -79 0
150 -35 -85 0
150 -35 -98 0
150 -35 -101 0
150 -35 -118 0
150 -35 -123 0
150 -35 -126 0
150 -35 -129 0
150 -36 -41 0
150 -36 -50 0
150 -36 -63 0
150 -36 -79 0
150 -36 -107 0
150 -36 -111 0
150 -36 -120 0
150 -36 -125 0
150 -37 -42 0
150 -37 -52 0
150 -37 -54 0
150 -37 -61 0
150 -37 -64 0
150 -37 -72 0
150 -37 -74 0
150 -37 -89 0
150 -37 -101 0
150 -37 -127 0
150 -37 -132 0
150 -37 -145 0
150 -38 -45 0
150 -38 -51 0
150 -38 -62 0
150 -38 -71 0
150 -38 -76 0
150 -38 -86 0
150 -38 -89 0
150 -38 -91 0
150 -38 -95 0
150 -38 -96 0
150 -38 -98 0
150 -38 -123 0
150 -38 -136 0
150 -38 -139 0
150 -38 -140 0
150 -38 -144 0
150 -38 -145 0
150 -39 -47 0
150 -39 -51 0
150 -39 -68 0
150 -39 -77 0
150 -39 -80 0
150 -39 -108 0
150 -39 -115 0
150 -39 -116 0
150 -39 -140 0
150 -39 -146 0
150 -39 -149 0
150 -40 -43 0
150 -40 -54 0
150 -40 -61 0
150 -40 -69 0
150 -40 -106 0
150 -40 -144 0
150 -40 -146 0
150 -40 -150 0
150 -41 -52 0
150 -41 -66 0
150 -41 -70 0
150 -41 -117 0
150 -41 -125 0
150 -41 -139 0
150 -41 -140 0
150 -42 -51 0
150 -42 -57 0
150 -42 -77 0
150 -42 -78 0
150 -42 -112 0
150 -42 -113 0
150 -42 -125 0
150 -42 -130 0
150 -42 -149 0
150 -43 -47 0
150 -43 -54 0
150 -43 -66 0
150 -43 -79 0
150 -43 -81 0
150 -43 -93 0
150 -43 -98 0
150 -43 -102 0
150 -43 -105 0
150 -43 -113 0
150 -43 -142 0
150 -43 -143 0
150 -44 -50 0
150 -44 -52 0
150 -44 -63 0
150 -44 -69 0
150 -44 -71 0
150 -44 -73 0
150 -44 -76 0
150 -44 -81 0
150 -44 -103 0
150 -44 -112 0
150 -44 -126 0
150 -45 -53 0
150 -45 -58 0
150 -45 -66 0
150 -45 -73 0
150 -45 -82 0
150 -45 -83 0
150 -45 -85 0
150 -45 -94 0
150 -45 -109 0
150 -45 -120 0
150 -45 -145 0
150 -45 -148 0
150 -46 -49 0
150 -46 -56 0
150 -46 -62 0
150 -46 -70 0
150 -46 -78 0
150 -46 -97 0
150 -46 -101 0
150 -46 -110 0
150 -46 -125 0
150 -46 -135 0
150 -46 -140 0
150 -47 -53 0
150 -47 -62 0
150 -47 -94 0
150 -47 -97 0
150 -47 -114 0
150 -47 -118 0
150 -48 -54 0
150 -48 -61 0
150 -48 -63 0
150 -48 -65 0
150 -48 -69 0
150 -48 -72 0
150 -48 -81 0
150 -48 -101 0
150 -48 -102 0
150 -48 -109 0
150 -48 -120 0
150 -48 -121 0
150 -48 -123 0
150 -48 -126 0
150 -48 -138 0
150 -48 -142 0
150 -48 -145 0
150 -49 -52 0
150 -49 -65 0
150 -49 -75 0
150 -49 -85 0
150 -49 -98 0
150 -49 -105 0
150 -49 -113 0
150 -49 -125 0
150 -49 -136 0
150 -49 -148 0
150 -50 -60 0
150 -50 -65 0
150 -50 -89 0
150 -50 -93 0
150 -50 -96 0
150 -50 -99 0
150 -50 -107 0
150 -50 -117 0
150 -50 -125 0
150 -50 -137 0
150 -50 -139 0
150 -50 -143 0
150 -50 -148 0
150 -51 -69 0
150 -51 -75 0
150 -51 -86 0
150 -51 -108 0
150 -51 -125 0
150 -51 -130 0
150 -51 -140 0
150 -52 -78 0
150 -52 -80 0
150 -52 -86 0
150 -52 -93 0
150 -52 -95 0
150 -52 -107 0
150 -52 -139 0
150 -52 -141 0
150 -52 -148 0
150 -53 -55 0
150 -53 -82 0
150 -53 -90 0
150 -53 -95 0
150 -53 -96 0
150 -53 -104 0
150 -53 -106 0
150 -53 -117 0
150 -53 -119 0
150 -53 -130 0
150 -54 -68 0
150 -54 -72 0
150 -54 -85 0
150 -54 -99 0
150 -54 -103 0
150 -54 -125 0
150 -54 -147 0
150 -55 -64 0
150 -55 -66 0
150 -55 -93 0
150 -55 -96 0
150 -55 -99 0
150 -55 -100 0
150 -55 -108 0
150 -55 -137 0
150 -55 -142 0
150 -56 -82 0
150 -56 -133 0
150 -56 -134 0
150 -57 -70 0
150 -57 -77 0
150 -57 -108 0
150 -57 -114 0
150 -57 -128 0
150 -57 -131 0
150 -57 -146 0
150 -58 -65 0
150 -58 -72 0
150 -58 -99 0
150 -58 -102 0
150 -58 -115 0
150 -58 -117 0
150 -58 -122 0
150 -58 -126 0
150 -58 -135 0
150 -58 -137 0
150 -59 -61 0
150 -59 -62 0
150 -59 -83 0
150 -59 -90 0
150 -59 -93 0
150 -59 -102 0
150 -59 -104 0
150 -59 -116 0
150 -59 -148 0
150 -60 -89 0
150 -60 -110 0
150 -60 -112 0
150 -60 -132 0
150 -60 -138 0
150 -61 -77 0
150 -61 -82 0
150 -61 -85 0
150 -61 -100 0
150 -61 -103 0
150 -61 -117 0
150 -61 -130 0
150 -61 -143 0
150 -61 -146 0
150 -62 -63 0
150 -62 -69 0
150 -62 -73 0
150 -62 -148 0
150 -63 -85 0
150 -63 -89 0
150 -63 -103 0
150 -63 -107 0
150 -63 -116 0
150 -63 -132 0
150 -64 -76 0
150 -64 -84 0
150 -64 -87 0
150 -64 -103 0
150 -64 -105 0
150 -64 -109 0
150 -64 -111 0
150 -64 -112 0
150 -64 -114 0
150 -64 -117 0
150 -64 -124 0
150 -64 -136 0
150 -65 -75 0
150 -65 -82 0
150 -65 -84 0
150 -65 -87 0
150 -65 -88 0
150 -65 -101 0
150 -65 -104 0
150 -65 -110 0
150 -65 -123 0
150 -66 -72 0
150 -66 -75 0
150 -66 -76 0
150 -66 -82 0
150 -66 -91 0
150 -66 -99 0
150 -66 -120 0
150 -66 -128 0
150 -66 -141 0
150 -67 -76 0
150 -67 -80 0
150 -67 -90 0
150 -67 -100 0
150 -67 -108 0
150 -67 -114 0
150 -67 -138 0
150 -67 -145 0
150 -68 -79 0
150 -68 -81 0
150 -68 -84 0
150 -68 -85 0
150 -68 -96 0
150 -68 -101 0
150 -68 -115 0
150 -68 -119 0
150 -68 -120 0
150 -68 -121 0
150 -68 -136 0
150 -69 -77 0
150 -69 -86 0
150 -69 -92 0
150 -69 -98 0
150 -69 -109 0
150 -69 -116 0
150 -69 -126 0
150 -69 -129 0
150 -70 -108 0
150 -70 -132 0
150 -70 -136 0
150 -70 -148 0
150 -71 -75 0
150 -71 -84 0
150 -71 -91 0
150 -71 -97 0
150 -71 -112 0
150 -71 -123 0
150 -71 -137 0
150 -71 -145 0
150 -72 -80 0
150 -72 -81 0
150 -72 -86 0
150 -72 -117 0
150 -72 -123 0
150 -72 -127 0
150 -72 -133 0
150 -72 -135 0
150 -72 -139 0
150 -72 -141 0
150 -73 -77 0
150 -73 -91 0
150 -73 -111 0
150 -73 -123 0
150 -73 -135 0
150 -73 -138 0
150 -73 -146 0
150 -74 -85 0
150 -74 -90 0
150 -74 -97 0
150 -74 -104 0
150 -74 -107 0
150 -74 -120 0
150 -74 -133 0
150 -75 -97 0
150 -75 -109 0
150 -75 -111 0
150 -75 -116 0
150 -75 -122 0
150 -75 -132 0
150 -75 -140 0
150 -75 -148 0
150 -76 -89 0
150 -76 -90 0
150 -76 -122 0
150 -76 -123 0
150 -76 -125 0
150 -76 -126 0
150 -76 -147 0
150 -76 -150 0
150 -77 -79 0
150 -77 -83 0
150 -77 -100 0
150 -77 -118 0
150 -77 -120 0
150 -77 -123 0
150 -77 -128 0
150 -78 -89 0
150 -78 -106 0
150 -78 -110 0
150 -78 -117 0
150 -78 -139 0
150 -78 -149 0
150 -79 -83 0
150 -79 -91 0
150 -79 -109 0
150 -79 -110 0
150 -79 -113 0
150 -79 -122 0
150 -79 -128 0
150 -79 -132 0
150 -79 -143 0
150 -80 -82 0
150 -80 -84 0
150 -80 -87 0
150 -80 -89 0
150 -80 -91 0
150 -80 -106 0
150 -80 -107 0
150 -80 -118 0
150 -80 -146 0
150 -81 -101 0
150 -81 -129 0
150 -81 -132 0
150 -81 -139 0
150 -81 -143 0
150 -82 -91 0
150 -82 -93 0
150 -82 -101 0
150 -82 -102 0
150 -82 -120 0
150 -82 -136 0
150 -82 -139 0
150 -82 -149 0
150 -83 -86 0
150 -83 -90 0
150 -83 -116 0
150 -83 -120 0
150 -83 -122 0
150 -83 -126 0
150 -84 -88 0
150 -84 -90 0
150 -84 -94 0
150 -84 -130 0
150 -84 -134 0
150 -84 -135 0
150 -84 -149 0
150 -85 -98 0
150 -85 -113 0
150 -85 -125 0
150 -86 -101 0
150 -86 -104 0
150 -86 -105 0
150 -86 -127 0
150 -86 -132 0
150 -86 -142 0
150 -86 -147 0
150 -87 -111 0
150 -87 -127 0
150 -87 -132 0
150 -87 -136 0
150 -87 -140 0
150 -87 -143 0
150 -87 -144 0
150 -87 -147 0
150 -87 -149 0
150 -88 -92 0
150 -88 -93 0
150 -88 -105 0
150 -88 -109 0
150 -88 -114 0
150 -88 -129 0
150 -89 -132 0
150 -89 -146 0
150 -90 -94 0
150 -90 -107 0
150 -90 -108 0
150 -90 -116 0
150 -90 -122 0
150 -90 -143 0
150 -90 -150 0
150 -91 -94 0
150 -91 -95 0
150 -91 -96 0
150 -91 -98 0
150 -91 -106 0
150 -91 -116 0
150 -91 -121 0
150 -91 -127 0
150 -91 -128 0
150 -92 -113 0
150 -93 -94 0
150 -93 -99 0
150 -93 -101 0
150 -93 -114 0
150 -93 -118 0
150 -93 -119 0
150 -93 -123 0
150 -93 -135 0
150 -93 -136 0
150 -93 -138 0
150 -94 -103 0
150 -94 -104 0
150 -94 -130 0
150 -94 -141 0
150 -94 -150 0
150 -95 -104 0
150 -95 -120 0
150 -95 -122 0
150 -95 -124 0
150 -95 -127 0
150 -95 -132 0
150 -95 -146 0
150 -96 -115 0
150 -96 -116 0
150 -96 -141 0
150 -96 -146 0
150 -97 -111 0
150 -97 -113 0
150 -97 -128 0
150 -97 -130 0
150 -97 -131 0
150 -97 -145 0
150 -98 -105 0
150 -98 -112 0
150 -98 -125 0
150 -98 -130 0
150 -98 -132 0
150 -98 -134 0
150 -98 -149 0
150 -99 -107 0
150 -99 -109 0
150 -99 -115 0
150 -99 -121 0
150 -99 -125 0
150 -99 -132 0
150 -100 -108 0
150 -100 -118 0
150 -100 -134 0
150 -100 -137 0
150 -100 -139 0
150 -100 -146 0
150 -100 -149 0
150 -101 -106 0
150 -101 -112 0
150 -101 -127 0
150 -101 -128 0
150 -101 -129 0
150 -102 -110 0
150 -102 -118 0
150 -102 -122 0
150 -102 -124 0
150 -102 -125 0
150 -102 -143 0
150 -102 -144 0
150 -102 -146 0
150 -103 -107 0
150 -103 -119 0
150 -103 -141 0
150 -103 -150 0
150 -104 -107 0
150 -104 -112 0
150 -104 -117 0
150 -104 -122 0
150 -104 -127 0
150 -104 -128 0
150 -104 -137 0
150 -104 -140 0
150 -104 -147 0
150 -105 -143 0
150 -106 -107 0
150 -106 -111 0
150 -106 -115 0
150 -106 -117 0
150 -106 -129 0
150 -106 -139 0
150 -106 -140 0
150 -106 -142 0
150 -107 -123 0
150 -107 -129 0
150 -107 -148 0
150 -108 -122 0
150 -108 -123 0
150 -108 -127 0
150 -108 -129 0
150 -108 -134 0
150 -108 -144 0
150 -109 -110 0
150 -109 -111 0
150 -109 -117 0
150 -109 -121 0
150 -109 -131 0
150 -109 -149 0
150 -110 -124 0
150 -110 -128 0
150 -110 -135 0
150 -111 -135 0
150 -112 -118 0
150 -112 -126 0
150 -112 -144 0
150 -112 -147 0
150 -113 -116 0
150 -113 -118 0
150 -113 -147 0
150 -114 -117 0
150 -114 -127 0
150 -115 -125 0
150 -115 -140 0
150 -115 -141 0
150 -115 -144 0
150 -116 -123 0
150 -116 -124 0
150 -116 -135 0
150 -116 -142 0
150 -116 -146 0
150 -117 -121 0
150 -117 -132 0
150 -117 -133 0
150 -117 -137 0
150 -117 -138 0
150 -117 -139 0
150 -117 -144 0
150 -118 -122 0
150 -118 -132 0
150 -118 -135 0
150 -118 -144 0
150 -119 -122 0
150 -119 -127 0
150 -119 -146 0
150 -120 -134 0
150 -120 -136 0
150 -120 -143 0
150 -120 -148 0
150 -121 -122 0
150 -121 -129 0
150 -121 -131 0
150 -121 -134 0
150 -122 -135 0
150 -122 -137 0
150 -123 -126 0
150 -123 -132 0
150 -123 -141 0
150 -123 -147 0
150 -125 -131 0
150 -125 -146 0
150 -126 -142 0
150 -127 -140 0
150 -128 -131 0
150 -129 -143 0
150 -130 -139 0
150 -130 -147 0
150 -131 -133 0
150 -132 -138 0
150 -132 -141 0
150 -132 -144 0
150 -133 -135 0
150 -133 -145 0
150 -134 -146 0
150 -134 -147 0
150 -135 -136 0
150 -136 -141 0
150 -136 -144 0
150 -137 -146 0
150 -137 -149 0
150 -139 -146 0
150 -139 -148 0
150 -139 -149 0
150 -139 -150 0
150 -141 -150 0
150 -142 -144 0
150 -143 -148 0
150 -144 -145 0
150 -144 -146 0
150 -144 -150 0
150 -147 -148 0
