p wcnf 150 1178 60
1 92 88 20 0
1 56 18 11 82 0
1 4 45 145 0
1 10 105 0
1 36 17 0
1 40 150 144 0
1 47 43 0
1 119 103 0
1 26 54 0
1 27 78 0
1 29 111 0
1 124 9 1 0
1 131 121 109 0
1 142 126 48 0
1 71 44 112 0
1 81 129 143 0
1 12 147 76 123 0
1 49 113 85 0
1 58 99 115 0
1 100 118 77 0
1 24 59 28 0
1 130 94 19 0
1 140 75 51 0
1 73 138 0
1 74 97 13 0
1 3 67 6 0
1 83 122 90 0
1 89 60 50 0
1 96 53 55 0
1 35 7 0
1 57 114 5 0
1 72 141 66 0
1 136 68 120 0
1 52 95 0
1 110 128 79 0
1 8 64 0
1 62 148 0
1 21 139 41 0
1 125 42 32 0
1 61 37 0
1 108 127 0
1 149 39 0
1 31 134 146 0
1 86 38 0
1 135 84 0
1 80 107 106 0
1 117 137 104 0
1 34 69 0
1 22 133 0
1 33 116 0
1 65 87 2 0
1 25 63 0
1 98 132 0
1 46 70 0
1 30 93 101 0
1 15 0
1 102 23 0
1 91 0
1 14 0
1 16 0
60 -1 -9 0
60 -1 -15 0
60 -1 -25 0
60 -1 -57 0
60 -1 -68 0
60 -1 -75 0
60 -1 -76 0
60 -1 -80 0
60 -1 -89 0
60 -1 -91 0
60 -1 -98 0
60 -1 -111 0
60 -1 -114 0
60 -1 -124 0
60 -1 -129 0
60 -1 -133 0
60 -1 -143 0
60 -2 -5 0
60 -2 -7 0
60 -2 -14 0
60 -2 -17 0
60 -2 -28 0
60 -2 -31 0
60 -2 -35 0
60 -2 -52 0
60 -2 -65 0
60 -2 -73 0
60 -2 -75 0
60 -2 -87 0
60 -2 -99 0
60 -2 -101 0
60 -2 -102 0
60 -2 -115 0
60 -2 -117 0
60 -2 -129 0
60 -2 -142 0
60 -2 -148 0
60 -3 -6 0
60 -3 -13 0
60 -3 -14 0
60 -3 -28 0
60 -3 -33 0
60 -3 -55 0
60 -3 -65 0
60 -3 -66 0
60 -3 -67 0
60 -3 -70 0
60 -3 -104 0
60 -3 -133 0
60 -3 -143 0
60 -3 -145 0
60 -4 -17 0
60 -4 -21 0
60 -4 -22 0
60 -4 -25 0
60 -4 -45 0
60 -4 -84 0
60 -4 -114 0
60 -4 -145 0
60 -4 -147 0
60 -5 -13 0
60 -5 -16 0
60 -5 -27 0
60 -5 -34 0
60 -5 -38 0
60 -5 -39 0
60 -5 -57 0
60 -5 -67 0
60 -5 -77 0
60 -5 -96 0
60 -5 -113 0
60 -5 -114 0
60 -5 -117 0
60 -5 -120 0
60 -5 -123 0
60 -5 -142 0
60 -6 -13 0
60 -6 -14 0
60 -6 -16 0
60 -6 -35 0
60 -6 -56 0
60 -6 -67 0
60 -6 -69 0
60 -6 -74 0
60 -6 -76 0
60 -6 -77 0
60 -6 -87 0
60 -6 -89 0
60 -6 -96 0
60 -6 -98 0
60 -6 -101 0
60 -6 -103 0
60 -6 -109 0
60 -6 -115 0
60 -6 -117 0
60 -6 -129 0
60 -6 -145 0
60 -6 -150 0
60 -7 -8 0
60 -7 -17 0
60 -7 -22 0
60 -7 -35 0
60 -7 -38 0
60 -7 -72 0
60 -7 -79 0
60 -7 -87 0
60 -7 -115 0
60 -7 -123 0
60 -7 -131 0
60 -8 -24 0
60 -8 -31 0
60 -8 -32 0
60 -8 -39 0
60 -8 -44 0
60 -8 -51 0
60 -8 -64 0
60 -8 -69 0
60 -8 -95 0
60 -8 -102 0
60 -8 -118 0
60 -8 -137 0
60 -8 -148 0
60 -9 -19 0
60 -9 -33 0
60 -9 -65 0
60 -9 -67 0
60 -9 -79 0
60 -9 -88 0
60 -9 -98 0
60 -9 -113 0
60 -9 -114 0
60 -9 -124 0
60 -9 -125 0
60 -9 -149 0
60 -10 -45 0
60 -10 -87 0
60 -10 -91 0
60 -10 -94 0
60 -10 -105 0
60 -10 -106 0
60 -10 -120 0
60 -10 -128 0
60 -10 -141 0
60 -11 -13 0
60 -11 -16 0
60 -11 -18 0
60 -11 -34 0
60 -11 -40 0
60 -11 -56 0
60 -11 -82 0
60 -11 -106 0
60 -11 -107 0
60 -11 -137 0
60 -11 -140 0
60 -11 -141 0
60 -12 -13 0
60 -12 -16 0
60 -12 -19 0
60 -12 -30 0
60 -12 -32 0
60 -12 -34 0
60 -12 -38 0
60 -12 -53 0
60 -12 -66 0
60 -12 -76 0
60 -12 -123 0
60 -12 -147 0
60 -13 -27 0
60 -13 -37 0
60 -13 -42 0
60 -13 -49 0
60 -13 -72 0
60 -13 -74 0
60 -13 -79 0
60 -13 -94 0
60 -13 -97 0
60 -13 -105 0
60 -13 -128 0
60 -14 -27 0
60 -14 -51 0
60 -14 -56 0
60 -14 -57 0
60 -14 -71 0
60 -14 -77 0
60 -14 -79 0
60 -14 -82 0
60 -14 -90 0
60 -14 -98 0
60 -14 -105 0
60 -14 -135 0
60 -14 -137 0
60 -14 -140 0
60 -15 -24 0
60 -15 -30 0
60 -15 -46 0
60 -15 -53 0
60 -15 -65 0
60 -15 -66 0
60 -15 -72 0
60 -15 -90 0
60 -15 -101 0
60 -15 -106 0
60 -15 -108 0
60 -15 -135 0
60 -15 -138 0
60 -15 -150 0
60 -16 -32 0
60 -16 -33 0
60 -16 -34 0
60 -16 -38 0
60 -16 -73 0
60 -16 -81 0
60 -16 -83 0
60 -16 -85 0
60 -16 -89 0
60 -16 -95 0
60 -16 -106 0
60 -16 -109 0
60 -16 -112 0
60 -16 -115 0
60 -16 -119 0
60 -16 -124 0
60 -16 -137 0
60 -16 -143 0
60 -16 -146 0
60 -16 -147 0
60 -17 -18 0
60 -17 -25 0
60 -17 -36 0
60 -17 -44 0
60 -17 -59 0
60 -17 -80 0
60 -17 -116 0
60 -17 -117 0
60 -17 -129 0
60 -17 -134 0
60 -17 -137 0
60 -18 -29 0
60 -18 -30 0
60 -18 -34 0
60 -18 -56 0
60 -18 -58 0
60 -18 -60 0
60 -18 -66 0
60 -18 -74 0
60 -18 -82 0
60 -18 -100 0
60 -18 -145 0
60 -18 -146 0
60 -19 -61 0
60 -19 -72 0
60 -19 -74 0
60 -19 -88 0
60 -19 -91 0
60 -19 -93 0
60 -19 -94 0
60 -19 -106 0
60 -19 -125 0
60 -19 -130 0
60 -19 -138 0
60 -19 -139 0
60 -19 -150 0
60 -20 -31 0
60 -20 -42 0
60 -20 -47 0
60 -20 -66 0
60 -20 -74 0
60 -20 -82 0
60 -20 -83 0
60 -20 -85 0
60 -20 -88 0
60 -20 -92 0
60 -20 -93 0
60 -20 -96 0
60 -20 -110 0
60 -20 -130 0
60 -20 -149 0
60 -20 -150 0
60 -21 -23 0
60 -21 -26 0
60 -21 -41 0
60 -21 -63 0
60 -21 -70 0
60 -21 -91 0
60 -21 -93 0
60 -21 -106 0
60 -21 -116 0
60 -21 -123 0
60 -21 -124 0
60 -21 -133 0
60 -21 -134 0
60 -21 -139 0
60 -21 -142 0
60 -21 -143 0
60 -22 -23 0
60 -22 -30 0
60 -22 -37 0
60 -22 -52 0
60 -22 -62 0
60 -22 -66 0
60 -22 -70 0
60 -22 -91 0
60 -22 -93 0
60 -22 -102 0
60 -22 -103 0
60 -22 -104 0
60 -22 -112 0
60 -22 -123 0
60 -22 -133 0
60 -23 -29 0
60 -23 -38 0
60 -23 -57 0
60 -23 -60 0
60 -23 -62 0
60 -23 -66 0
60 -23 -80 0
60 -23 -89 0
60 -23 -94 0
60 -23 -96 0
60 -23 -98 0
60 -23 -102 0
60 -23 -131 0
60 -23 -135 0
60 -23 -137 0
60 -23 -145 0
60 -23 -149 0
60 -24 -28 0
60 -24 -43 0
60 -24 -59 0
60 -24 -69 0
60 -24 -70 0
60 -24 -91 0
60 -24 -102 0
60 -24 -120 0
60 -24 -128 0
60 -24 -138 0
60 -24 -139 0
60 -25 -30 0
60 -25 -32 0
60 -25 -37 0
60 -25 -46 0
60 -25 -63 0
60 -25 -66 0
60 -25 -72 0
60 -25 -79 0
60 -25 -83 0
60 -25 -85 0
60 -25 -103 0
60 -25 -106 0
60 -25 -110 0
60 -25 -112 0
60 -25 -117 0
60 -25 -149 0
60 -26 -30 0
60 -26 -54 0
60 -26 -78 0
60 -26 -88 0
60 -26 -93 0
60 -26 -97 0
60 -26 -122 0
60 -26 -126 0
60 -26 -138 0
60 -27 -41 0
60 -27 -78 0
60 -27 -87 0
60 -27 -90 0
60 -27 -98 0
60 -27 -102 0
60 -27 -146 0
60 -28 -33 0
60 -28 -43 0
60 -28 -46 0
60 -28 -48 0
60 -28 -59 0
60 -28 -82 0
60 -28 -84 0
60 -28 -89 0
60 -28 -93 0
60 -28 -114 0
60 -28 -134 0
60 -29 -31 0
60 -29 -38 0
60 -29 -51 0
60 -29 -60 0
60 -29 -67 0
60 -29 -69 0
60 -29 -77 0
60 -29 -111 0
60 -30 -57 0
60 -30 -61 0
60 -30 -93 0
60 -30 -101 0
60 -30 -102 0
60 -30 -104 0
60 -30 -106 0
60 -30 -114 0
60 -30 -119 0
60 -30 -135 0
60 -30 -146 0
60 -30 -148 0
60 -31 -42 0
60 -31 -52 0
60 -31 -59 0
60 -31 -63 0
60 -31 -72 0
60 -31 -96 0
60 -31 -112 0
60 -31 -124 0
60 -31 -126 0
60 -31 -134 0
60 -31 -146 0
60 -32 -42 0
60 -32 -61 0
60 -32 -72 0
60 -32 -73 0
60 -32 -77 0
60 -32 -80 0
60 -32 -84 0
60 -32 -121 0
60 -32 -125 0
60 -32 -126 0
60 -32 -127 0
60 -32 -128 0
60 -32 -131 0
60 -32 -147 0
60 -33 -51 0
60 -33 -64 0
60 -33 -70 0
60 -33 -106 0
60 -33 -107 0
60 -33 -116 0
60 -33 -130 0
60 -33 -136 0
60 -33 -144 0
60 -33 -146 0
60 -33 -148 0
60 -33 -149 0
60 -34 -39 0
60 -34 -42 0
60 -34 -43 0
60 -34 -44 0
60 -34 -50 0
60 -34 -60 0
60 -34 -62 0
60 -34 -65 0
60 -34 -69 0
60 -34 -70 0
60 -34 -83 0
60 -34 -95 0
60 -34 -105 0
60 -34 -121 0
60 -34 -137 0
60 -35 -42 0
60 -35 -51 0
60 -35 -52 0
60 -35 -53 0
60 -35 -62 0
60 -35 -79 0
60 -35 -85 0
60 -35 -98 0
60 -35 -101 0
60 -35 -118 0
60 -35 -123 0
60 -35 -126 0
60 -35 -129 0
60 -36 -41 0
60 -36 -50 0
60 -36 -63 0
60 -36 -79 0
60 -36 -107 0
60 -36 -111 0
60 -36 -120 0
60 -36 -125 0
60 -37 -42 0
60 -37 -52 0
60 -37 -54 0
60 -37 -61 0
60 -37 -64 0
60 -37 -72 0
60 -37 -74 0
60 -37 -89 0
60 -37 -101 0
60 -37 -127 0
60 -37 -132 0
60 -37 -145 0
60 -38 -45 0
60 -38 -51 0
60 -38 -62 0
60 -38 -71 0
60 -38 -76 0
60 -38 -86 0
60 -38 -89 0
60 -38 -91 0
60 -38 -95 0
60 -38 -96 0
60 -38 -98 0
60 -38 -123 0
60 -38 -136 0
60 -38 -139 0
60 -38 -140 0
60 -38 -144 0
60 -38 -145 0
60 -39 -47 0
60 -39 -51 0
60 -39 -68 0
60 -39 -77 0
60 -39 -80 0
60 -39 -108 0
60 -39 -115 0
60 -39 -116 0
60 -39 -140 0
60 -39 -146 0
60 -39 -149 0
60 -40 -43 0
60 -40 -54 0
60 -40 -61 0
60 -40 -69 0
60 -40 -106 0
60 -40 -144 0
60 -40 -146 0
60 -40 -150 0
60 -41 -52 0
60 -41 -66 0
60 -41 -70 0
60 -41 -117 0
60 -41 -125 0
60 -41 -139 0
60 -41 -140 0
60 -42 -51 0
60 -42 -57 0
60 -42 -77 0
60 -42 -78 0
60 -42 -112 0
60 -42 -113 0
60 -42 -125 0
60 -42 -130 0
60 -42 -149 0
60 -43 -47 0
60 -43 -54 0
60 -43 -66 0
60 -43 -79 0
60 -43 -81 0
60 -43 -93 0
60 -43 -98 0
60 -43 -102 0
60 -43 -105 0
60 -43 -113 0
60 -43 -142 0
60 -43 -143 0
60 -44 -50 0
60 -44 -52 0
60 -44 -63 0
60 -44 -69 0
60 -44 -71 0
60 -44 -73 0
60 -44 -76 0
60 -44 -81 0
60 -44 -103 0
60 -44 -112 0
60 -44 -126 0
60 -45 -53 0
60 -45 -58 0
60 -45 -66 0
60 -45 -73 0
60 -45 -82 0
60 -45 -83 0
60 -45 -85 0
60 -45 -94 0
60 -45 -109 0
60 -45 -120 0
60 -45 -145 0
60 -45 -148 0
60 -46 -49 0
60 -46 -56 0
60 -46 -62 0
60 -46 -70 0
60 -46 -78 0
60 -46 -97 0
60 -46 -101 0
60 -46 -110 0
60 -46 -125 0
60 -46 -135 0
60 -46 -140 0
60 -47 -53 0
60 -47 -62 0
60 -47 -94 0
60 -47 -97 0
60 -47 -114 0
60 -47 -118 0
60 -48 -54 0
60 -48 -61 0
60 -48 -63 0
60 -48 -65 0
60 -48 -69 0
60 -48 -72 0
60 -48 -81 0
60 -48 -101 0
60 -48 -102 0
60 -48 -109 0
60 -48 -120 0
60 -48 -121 0
60 -48 -123 0
60 -48 -126 0
60 -48 -138 0
60 -48 -142 0
60 -48 -145 0
60 -49 -52 0
60 -49 -65 0
60 -49 -75 0
60 -49 -85 0
60 -49 -98 0
60 -49 -105 0
60 -49 -113 0
60 -49 -125 0
60 -49 -136 0
60 -49 -148 0
60 -50 -60 0
60 -50 -65 0
60 -50 -89 0
60 -50 -93 0
60 -50 -96 0
60 -50 -99 0
60 -50 -107 0
60 -50 -117 0
60 -50 -125 0
60 -50 -137 0
60 -50 -139 0
60 -50 -143 0
60 -50 -148 0
60 -51 -69 0
60 -51 -75 0
60 -51 -86 0
60 -51 -108 0
60 -51 -125 0
60 -51 -130 0
60 -51 -140 0
60 -52 -78 0
60 -52 -80 0
60 -52 -86 0
60 -52 -93 0
60 -52 -95 0
60 -52 -107 0
60 -52 -139 0
60 -52 -141 0
60 -52 -148 0
60 -53 -55 0
60 -53 -82 0
60 -53 -90 0
60 -53 -95 0
60 -53 -96 0
60 -53 -104 0
60 -53 -106 0
60 -53 -117 0
60 -53 -119 0
60 -53 -130 0
60 -54 -68 0
60 -54 -72 0
60 -54 -85 0
60 -54 -99 0
60 -54 -103 0
60 -54 -125 0
60 -54 -147 0
60 -55 -64 0
60 -55 -66 0
60 -55 -93 0
60 -55 -96 0
60 -55 -99 0
60 -55 -100 0
60 -55 -108 0
60 -55 -137 0
60 -55 -142 0
60 -56 -82 0
60 -56 -133 0
60 -56 -134 0
60 -57 -70 0
60 -57 -77 0
60 -57 -108 0
60 -57 -114 0
60 -57 -128 0
60 -57 -131 0
60 -57 -146 0
60 -58 -65 0
60 -58 -72 0
60 -58 -99 0
60 -58 -102 0
60 -58 -115 0
60 -58 -117 0
60 -58 -122 0
60 -58 -126 0
60 -58 -135 0
60 -58 -137 0
60 -59 -61 0
60 -59 -62 0
60 -59 -83 0
60 -59 -90 0
60 -59 -93 0
60 -59 -102 0
60 -59 -104 0
60 -59 -116 0
60 -59 -148 0
60 -60 -89 0
60 -60 -110 0
60 -60 -112 0
60 -60 -132 0
60 -60 -138 0
60 -61 -77 0
60 -61 -82 0
60 -61 -85 0
60 -61 -100 0
60 -61 -103 0
60 -61 -117 0
60 -61 -130 0
60 -61 -143 0
60 -61 -146 0
60 -62 -63 0
60 -62 -69 0
60 -62 -73 0
60 -62 -148 0
60 -63 -85 0
60 -63 -89 0
60 -63 -103 0
60 -63 -107 0
60 -63 -116 0
60 -63 -132 0
60 -64 -76 0
60 -64 -84 0
60 -64 -87 0
60 -64 -103 0
60 -64 -105 0
60 -64 -109 0
60 -64 -111 0
60 -64 -112 0
60 -64 -114 0
60 -64 -117 0
60 -64 -124 0
60 -64 -136 0
60 -65 -75 0
60 -65 -82 0
60 -65 -84 0
60 -65 -87 0
60 -65 -88 0
60 -65 -101 0
60 -65 -104 0
60 -65 -110 0
60 -65 -123 0
60 -66 -72 0
60 -66 -75 0
60 -66 -76 0
60 -66 -82 0
60 -66 -91 0
60 -66 -99 0
60 -66 -120 0
60 -66 -128 0
60 -66 -141 0
60 -67 -76 0
60 -67 -80 0
60 -67 -90 0
60 -67 -100 0
60 -67 -108 0
60 -67 -114 0
60 -67 -138 0
60 -67 -145 0
60 -68 -79 0
60 -68 -81 0
60 -68 -84 0
60 -68 -85 0
60 -68 -96 0
60 -68 -101 0
60 -68 -115 0
60 -68 -119 0
60 -68 -120 0
60 -68 -121 0
60 -68 -136 0
60 -69 -77 0
60 -69 -86 0
60 -69 -92 0
60 -69 -98 0
60 -69 -109 0
60 -69 -116 0
60 -69 -126 0
60 -69 -129 0
60 -70 -108 0
60 -70 -132 0
60 -70 -136 0
60 -70 -148 0
60 -71 -75 0
60 -71 -84 0
60 -71 -91 0
60 -71 -97 0
60 -71 -112 0
60 -71 -123 0
60 -71 -137 0
60 -71 -145 0
60 -72 -80 0
60 -72 -81 0
60 -72 -86 0
60 -72 -117 0
60 -72 -123 0
60 -72 -127 0
60 -72 -133 0
60 -72 -135 0
60 -72 -139 0
60 -72 -141 0
60 -73 -77 0
60 -73 -91 0
60 -73 -111 0
60 -73 -123 0
60 -73 -135 0
60 -73 -138 0
60 -73 -146 0
60 -74 -85 0
60 -74 -90 0
60 -74 -97 0
60 -74 -104 0
60 -74 -107 0
60 -74 -120 0
60 -74 -133 0
60 -75 -97 0
60 -75 -109 0
60 -75 -111 0
60 -75 -116 0
60 -75 -122 0
60 -75 -132 0
60 -75 -140 0
60 -75 -148 0
60 -76 -89 0
60 -76 -90 0
60 -76 -122 0
60 -76 -123 0
60 -76 -125 0
60 -76 -126 0
60 -76 -147 0
60 -76 -150 0
60 -77 -79 0
60 -77 -83 0
60 -77 -100 0
60 -77 -118 0
60 -77 -120 0
60 -77 -123 0
60 -77 -128 0
60 -78 -89 0
60 -78 -106 0
60 -78 -110 0
60 -78 -117 0
60 -78 -139 0
60 -78 -149 0
60 -79 -83 0
60 -79 -91 0
60 -79 -109 0
60 -79 -110 0
60 -79 -113 0
60 -79 -122 0
60 -79 -128 0
60 -79 -132 0
60 -79 -143 0
60 -80 -82 0
60 -80 -84 0
60 -80 -87 0
60 -80 -89 0
60 -80 -91 0
60 -80 -106 0
60 -80 -107 0
60 -80 -118 0
60 -80 -146 0
60 -81 -101 0
60 -81 -129 0
60 -81 -132 0
60 -81 -139 0
60 -81 -143 0
60 -82 -91 0
60 -82 -93 0
60 -82 -101 0
60 -82 -102 0
60 -82 -120 0
60 -82 -136 0
60 -82 -139 0
60 -82 -149 0
60 -83 -86 0
60 -83 -90 0
60 -83 -116 0
60 -83 -120 0
60 -83 -122 0
60 -83 -126 0
60 -84 -88 0
60 -84 -90 0
60 -84 -94 0
60 -84 -130 0
60 -84 -134 0
60 -84 -135 0
60 -84 -149 0
60 -85 -98 0
60 -85 -113 0
60 -85 -125 0
60 -86 -101 0
60 -86 -104 0
60 -86 -105 0
60 -86 -127 0
60 -86 -132 0
60 -86 -142 0
60 -86 -147 0
60 -87 -111 0
60 -87 -127 0
60 -87 -132 0
60 -87 -136 0
60 -87 -140 0
60 -87 -143 0
60 -87 -144 0
60 -87 -147 0
60 -87 -149 0
60 -88 -92 0
60 -88 -93 0
60 -88 -105 0
60 -88 -109 0
60 -88 -114 0
60 -88 -129 0
60 -89 -132 0
60 -89 -146 0
60 -90 -94 0
60 -90 -107 0
60 -90 -108 0
60 -90 -116 0
60 -90 -122 0
60 -90 -143 0
60 -90 -150 0
60 -91 -94 0
60 -91 -95 0
60 -91 -96 0
60 -91 -98 0
60 -91 -106 0
60 -91 -116 0
60 -91 -121 0
60 -91 -127 0
60 -91 -128 0
60 -92 -113 0
60 -93 -94 0
60 -93 -99 0
60 -93 -101 0
60 -93 -114 0
60 -93 -118 0
60 -93 -119 0
60 -93 -123 0
60 -93 -135 0
60 -93 -136 0
60 -93 -138 0
60 -94 -103 0
60 -94 -104 0
60 -94 -130 0
60 -94 -141 0
60 -94 -150 0
60 -95 -104 0
60 -95 -120 0
60 -95 -122 0
60 -95 -124 0
60 -95 -127 0
60 -95 -132 0
60 -95 -146 0
60 -96 -115 0
60 -96 -116 0
60 -96 -141 0
60 -96 -146 0
60 -97 -111 0
60 -97 -113 0
60 -97 -128 0
60 -97 -130 0
60 -97 -131 0
60 -97 -145 0
60 -98 -105 0
60 -98 -112 0
60 -98 -125 0
60 -98 -130 0
60 -98 -132 0
60 -98 -134 0
60 -98 -149 0
60 -99 -107 0
60 -99 -109 0
60 -99 -115 0
60 -99 -121 0
60 -99 -125 0
60 -99 -132 0
60 -100 -108 0
60 -100 -118 0
60 -100 -134 0
60 -100 -137 0
60 -100 -139 0
60 -100 -146 0
60 -100 -149 0
60 -101 -106 0
60 -101 -112 0
60 -101 -127 0
60 -101 -128 0
60 -101 -129 0
60 -102 -110 0
60 -102 -118 0
60 -102 -122 0
60 -102 -124 0
60 -102 -125 0
60 -102 -143 0
60 -102 -144 0
60 -102 -146 0
60 -103 -107 0
60 -103 -119 0
60 -103 -141 0
60 -103 -150 0
60 -104 -107 0
60 -104 -112 0
60 -104 -117 0
60 -104 -122 0
60 -104 -127 0
60 -104 -128 0
60 -104 -137 0
60 -104 -140 0
60 -104 -147 0
60 -105 -143 0
60 -106 -107 0
60 -106 -111 0
60 -106 -115 0
60 -106 -117 0
60 -106 -129 0
60 -106 -139 0
60 -106 -140 0
60 -106 -142 0
60 -107 -123 0
60 -107 -129 0
60 -107 -148 0
60 -108 -122 0
60 -108 -123 0
60 -108 -127 0
60 -108 -129 0
60 -108 -134 0
60 -108 -144 0
60 -109 -110 0
60 -109 -111 0
60 -109 -117 0
60 -109 -121 0
60 -109 -131 0
60 -109 -149 0
60 -110 -124 0
60 -110 -128 0
60 -110 -135 0
60 -111 -135 0
60 -112 -118 0
60 -112 -126 0
60 -112 -144 0
60 -112 -147 0
60 -113 -116 0
60 -113 -118 0
60 -113 -147 0
60 -114 -117 0
60 -114 -127 0
60 -115 -125 0
60 -115 -140 0
60 -115 -141 0
60 -115 -144 0
60 -116 -123 0
60 -116 -124 0
60 -116 -135 0
60 -116 -142 0
60 -116 -146 0
60 -117 -121 0
60 -117 -132 0
60 -117 -133 0
60 -117 -137 0
60 -117 -138 0
60 -117 -139 0
60 -117 -144 0
60 -118 -122 0
60 -118 -132 0
60 -118 -135 0
60 -118 -144 0
60 -119 -122 0
60 -119 -127 0
60 -119 -146 0
60 -120 -134 0
60 -120 -136 0
60 -120 -143 0
60 -120 -148 0
60 -121 -122 0
60 -121 -129 0
60 -121 -131 0
60 -121 -134 0
60 -122 -135 0
60 -122 -137 0
60 -123 -126 0
60 -123 -132 0
60 -123 -141 0
60 -123 -147 0
60 -125 -131 0
60 -125 -146 0
60 -126 -142 0
60 -127 -140 0
60 -128 -131 0
60 -129 -143 0
60 -130 -139 0
60 -130 -147 0
60 -131 -133 0
60 -132 -138 0
60 -132 -141 0
60 -132 -144 0
60 -133 -135 0
60 -133 -145 0
60 -134 -146 0
60 -134 -147 0
60 -135 -136 0
60 -136 -141 0
60 -136 -144 0
60 -137 -146 0
60 -137 -149 0
60 -139 -146 0
60 -139 -148 0
60 -139 -149 0
60 -139 -150 0
60 -141 -150 0
60 -142 -144 0
60 -143 -148 0
60 -144 -145 0
60 -144 -146 0
60 -144 -150 0
60 -147 -148 0
